0.738383950552587,1.50108711614665
0.691736084213178,1.44154370256833
0.650233257270388,1.37745059330747
0.614038704948635,1.30907153003423
0.5832929309021,1.23668788542429
0.558113360161349,1.16059726297399
0.538594121716242,1.08111202196407
0.52480594545574,0.998557749782617
0.516796158148911,0.913271702236231
0.514588764176348,0.825601230042679
0.518184598569137,0.735902206703373
0.52756154230699,0.644537469702403
0.542674792484972,0.551875283753801
0.563457182616665,0.45828783185939
0.589819550781826,0.364149737424581
0.621651155389168,0.269836618717678
0.658820139917243,0.175723675587444
0.701174049091806,0.0821843075476781
0.748540399586677,-0.0104112379812418
0.800727308569695,-0.101697188426957
0.857524183352194,-0.19131354066265
0.918702475140339,-0.278907327860717
0.984016499516298,-0.364133858556885
1.05320432585532,-0.446657927464741
1.12598873743311,-0.526154997242654
1.20207826347956,-0.602312350147546
1.28116828383952,-0.674830208274697
1.36294220613487,-0.743422820820977
1.44707271430602,-0.807819516454121
1.53322308607447,-0.867765718365119
1.62104857517417,-0.923023918888985
1.7101978521533,-0.973374609699373
1.80031449521275,-1.01861716255383
1.8910385200455,-1.05857065446928
1.98200793515103,-1.09307463015796
2.07286030684271,-1.12198979369472
2.16323431639155,-1.14519862086652
2.25277129070299,-1.16260588361637
2.34111668782191,-1.17413907854577
2.4279215195675,-1.17974875264497
2.51284369579194,-1.179408721279
2.59554927811414,-1.17311617589644
2.67571363536953,-1.1608916818051
2.7530224981947,-1.14277906946305
2.82717291578946,-1.11884522580718
2.89787412354861,-1.08917979489567
2.96484833546699,-1.05389479928742
3.02783147952664,-1.01312419486017
3.08657389723993,-0.967023371977346
3.140841029798,-0.9157686149327
3.19041411262355,-0.859556529415045
3.23509089746479,-0.798603444441774
3.27468641657017,-0.733144791019347
3.30903379719756,-0.663434455017584
3.33798512713961,-0.589744096787891
3.36141236362399,-0.51236242536108
3.37920826949888,-0.431594411088589
3.39128735271106,-0.347760417774671
3.39758677838338,-0.261195234050682
3.39806721789228,-0.172246984224586
3.39271359670313,-0.0812759012228266
3.38153570264949,0.0113470515023035
3.36456861895349,0.105241716288402
3.34187295148061,0.200020435711178
3.31353482719709,0.295289896925278
3.27966565006055,0.39065310920584
3.24040161097848,0.485711489863293
3.19590295927184,0.580067026507035
3.14635305349461,0.673324477948809
3.09195721872092,0.765093572340002
3.03294144483948,0.85499115976522
2.96955096545045,0.942643277634077
2.90204875928993,1.02768709080268
2.83071401556991,1.10977267420524
2.75584060130479,1.18856461349788
2.67773556290102,1.26374340827795
2.59671768651162,1.33500667220351
2.51311613254717,1.4020701341045
2.42726915003286,1.46466845325478
2.33952286698321,1.52255586972249
2.25023014438087,1.57550671660036
2.15974947435025,1.62331582455181
2.06844389822669,1.66579885028201
1.9766799177712,1.70279255923869
1.88482637289983,1.73415508923665
1.7932532619029,1.7597662161297
1.70233048494616,1.77952763561256
1.61242649822244,1.79336326731236
1.5239068738849,1.80121957916559
1.43713276918867,1.80306592231103
1.35245931642664,1.79889485994932
1.27023395263199,1.78872246831374
1.19079471408966,1.77258858442202
1.11446852503174,1.75055697383277
1.04156951222964,1.72271539224673
0.972397377448526,1.68917551734223
0.907235857979979,1.65007273144476
0.846351301952156,1.60556574111425
0.789991380194229,1.55583602602841
0.738383950552587,1.50108711614665
