0.617220788061867,1.61828499407172
0.566042619334449,1.55283839531062
0.52052278464425,1.48239325461135
0.480839801385226,1.40724045623853
0.447146869379208,1.32769044004687
0.419571570004424,1.24407157110457
0.398215715693812,1.15672842777972
0.383155326414524,1.0660200386485
0.374440710405744,0.972318095667176
0.372096628662294,0.876005166959014
0.376122526002373,0.777472927776503
0.386492815596228,0.677120423182984
0.40315720810652,0.575352371191444
0.426041080694028,0.472577510854588
0.455045884748516,0.369206996370363
0.490049594092922,0.265652835784177
0.530907197472313,0.162326371351386
0.5774512403794,0.0596367979873304
0.629492421780365,-0.0420102836851613
0.686820251248431,-0.142214282590533
0.749203771581224,-0.240581002786317
0.816392351363896,-0.336724000468585
0.888116551303403,-0.430265912645181
0.964089067604174,-0.520839757092029
1.04400575521477,-0.608090202819787
1.12754673340808,-0.691674810103543
1.21437757575852,-0.771265239077581
1.30415058599688,-0.846548425843191
1.39650616028788,-0.917227724838798
1.49107423503107,-0.983024015751152
1.58747581722349,-1.04367677241523
1.6853245917082,-1.09894508992972
1.78422859632524,-1.14860866464723
1.88379195224615,-1.19246871990067
1.98361663287229,-1.23034886848476
2.08330425095677,-1.26209590125668
2.18245784046719,-1.2875804900101
2.2806836075511,-1.30669779225998
2.37759262417329,-1.31936794595762
2.47280243885976,-1.32553644356928
2.56593858167903,-1.32517437743159
2.65663594513406,-1.31827855176036
2.74454002886783,-1.30487146093752
2.82930804366388,-1.28500113842131
2.91060987864874,-1.25874088542007
2.98812894424334,-1.22618889288665
3.06156291155227,-1.18746777396406
3.13062437578847,-1.1427240263146
3.19504147631872,-1.09212744444925
3.25455850840752,-1.03587050102058
3.30893656133398,-0.974167712989695
3.35795421408071,-0.907255003741854
3.40140831332273,-0.835389065903329
3.43911484931525,-0.758846722267419
3.47090993407921,-0.677924274468298
3.49665087380695,-0.592936821534286
3.51621731460334,-0.50421752392343
3.52951242856273,-0.412116783777325
3.53646409677038,-0.317001309508379
3.53702603802727,-0.219253032888865
3.53117882766638,-0.119267849760104
3.51893075024967,-0.0174541613145175
3.50031843340274,0.0857687986378865
3.47540721743209,0.189972854419524
3.44429122623162,0.294722989237556
3.40709311858487,0.399579635335772
3.36396351433588,0.504101120722418
3.31508010590568,0.607846228748942
3.26064648107675,0.71037681811534
3.20089069668962,0.811260445118485
3.13606365385575,0.9100729276679
3.06643733266699,1.00640079203761
2.99230294763321,1.09984354848446
2.91396908399652,1.19001575043382
2.83175986978615,1.27654880333348
2.74601322946322,1.35909250270134
2.65707925302162,1.4373162953727
2.5653187004535,1.51091027243527
2.4711016466932,1.57958591576865
2.37480625770987,1.64307663150995
2.27681767546632,1.70113811233828
2.17752697899668,1.75354857562832
2.07733018165389,1.80010892595446
1.97662722113297,1.8406428881174
1.87582089936394,1.87499715108874
1.77531573364329,1.90304155456522
1.67551668798266,1.92466933894811
1.57682776389228,1.93979746742114
1.47965044178487,1.94836701637103
1.38438197687459,1.95034361865043
1.29141356582616,1.94571793400984
1.2011284115138,1.93450611315419
1.11389972225743,1.91675021683163
1.0300886881959,1.89251854941669
0.950042480666919,1.86190586762662
0.874092320488713,1.82503342908402
0.802551658041617,1.78204885196726
0.735714502425306,1.73312576535819
0.673853929304222,1.67846323938254
0.617220788061868,1.61828499407172
