0.809932713155099,1.43180847785439
0.765967061176511,1.37575068769806
0.726843919980439,1.31540798269301
0.692717398364265,1.25102821620389
0.663720354670017,1.18287576308209
0.639964035993946,1.11123024097123
0.621537835431865,1.03638516141468
0.608509155767359,0.958646529082846
0.60092336773456,0.878331406401324
0.598803851546552,0.795766459128856
0.602152111605372,0.711286496224728
0.610947955998935,0.625233014884374
0.625149734333901,0.53795275912624
0.644694629452669,0.449796297967972
0.669499000467689,0.36111662717962
0.699458776188228,0.272267796939105
0.734449899332263,0.183603566482321
0.774328822875255,0.0954760860308758
0.818933060496077,0.0082346058495122
0.868081793378164,-0.0777757878393579
0.921576535670319,-0.162215410260185
0.979201860771054,-0.244751188751959
1.04072619033064,-0.325057846348552
1.10590264750631,-0.402819057617125
1.17446997557505,-0.477728575813853
1.24615352249725,-0.549491330150432
1.32066629140321,-0.617824491699921
1.39771005619996,-0.682458506173096
1.47697654052163,-0.743138091428521
1.55814865703617,-0.799623197108828
1.64090180266077,-0.851689923206093
1.72490520354665,-0.899131393657611
1.80982330182965,-0.941758580295162
1.89531717420776,-0.979401071678849
1.98104597053871,-1.01190778062808
2.06666835901859,-1.03914758371982
2.15184396328786,-1.06100988576432
2.236234776192,-1.07740510238829
2.319506535053,-1.08826505442691
2.40133004429249,-1.09354326888614
2.48138243313219,-1.09321518277307
2.55934833884922,-1.08727824804224
2.6349210095691,-1.0757519381533
2.70780332463938,-1.0586776591181
2.77770873497429,-1.03611857023607
2.84436213007151,-1.00815932176046
2.90750064232354,-0.974905718291655
2.96687440242618,-0.936484317569045
3.02224726180396,-0.893041974386474
3.07339749877097,-0.844745338510049
3.12011852445941,-0.791780313730336
3.16221960232589,-0.734351482619142
3.19952659135837,-0.672681498353802
3.2318827181562,-0.607010441365071
3.25914937715848,-0.537595134862915
3.28120695186782,-0.46470840983821
3.29795564343888,-0.388638307274781
3.30931628698729,-0.30968720335878
3.31523113092412,-0.228170842709857
3.31566455098074,-0.144417265267859
3.31060366871185,-0.0587656145326693
3.30005884437744,0.0284351816603192
3.28406401628433,0.116827861896092
3.26267686283424,0.206048411786785
3.23597876943562,0.2957277663709
3.20407458971051,0.385493619675222
3.16709219856816,0.474972320519935
3.12518184315274,0.563790828114372
3.07851530579971,0.651578696650295
3.02728490037021,0.737970055311983
2.97170232915426,0.822605549140546
2.91199743153008,0.905134207136369
2.84841685746569,0.985215206837436
2.78122269864436,1.06251950920715
2.71069110754916,1.13673134370399
2.63711093048522,1.20754953047611
2.56078237462822,1.27468863423555
2.48201572225479,1.33787995198602
2.40113009790188,1.39687234387194
2.31845228691021,1.45143292249266
2.2343155972038,1.50134762067488
2.14905875074828,1.54642166061755
2.06302478731257,1.58647994835582
1.97655996119333,1.62136741661381
1.89001261155375,1.65094933646018
1.80373198892513,1.67511161400517
1.7180670240149,1.6937610830542
1.63336502992402,1.70682579860979
1.54997033476555,1.71425532987951
1.4682228480026,1.71602104549239
1.38845657007555,1.71211637840272
1.31099806058169,1.70255705384584
1.23616488498237,1.68738126098581
1.16426406321842,1.66664974771954
1.09559054550594,1.64044581851044
1.03042574088292,1.60887521702782
0.969036122833428,1.57206587856678
0.911671933698482,1.53016754142866
0.858566005856372,1.4833512113054
0.809932713155099,1.43180847785439
