0.749393742775251,1.49043008646148
0.703158271150251,1.43142305633377
0.662021260086516,1.36790708524283
0.626144545053211,1.30014346365626
0.595667459971505,1.22841094106528
0.570706487450235,1.15300434514147
0.551355036838397,1.0742331267319
0.53768333543133,0.992419852263028
0.529738418086992,0.907898663635986
0.527544201452165,0.82101372338052
0.531101630739059,0.732117659972593
0.540388889267274,0.641570025101988
0.555361663523426,0.549735771572463
0.575953459039085,0.456983757658866
0.602075964736318,0.363685281305792
0.633619465384658,0.270212645637413
0.670453303362772,0.176937755896749
0.712426391994257,0.0842307471223049
0.759367783355933,-0.00754135847115135
0.811087293705608,-0.0980159654174011
0.867376189634356,-0.186836190970125
0.928007937810272,-0.273652123463318
0.99273902082818,-0.358122052972408
1.06130982126825,-0.439913673791241
1.13344557561693,-0.518705257909455
1.20885739920093,-0.594186798405234
1.28724338268157,-0.666061121425651
1.36828975988608,-0.73404496515601
1.45167214573835,-0.797870023819805
1.53705684173317,-0.857283954248665
1.6241022047392,-0.912051341884922
1.71246007292693,-0.961954622228331
1.80177724035937,-1.0067949527514
1.89169696937609,-1.04639302926213
1.98186052751565,-1.08058983970079
2.07190873357211,-1.10924734755246
2.16148349570317,-1.13224909658433
2.25022932353631,-1.14950072860641
2.33779479616066,-1.16093040651298
2.42383396889927,-1.16648913604561
2.50800770390163,-1.16615098152499
2.58998491285557,-1.15991317315751
2.6694437043622,-1.14779610629473
2.74607243350987,-1.129843236007
2.81957065659367,-1.10612087327853
2.88964999935168,-1.07671789176476
2.9560349520834,-1.04174535609722
3.01846360912899,-1.00133608392962
3.07668837300863,-0.955644154097921
3.13047664471241,-0.90484437230572
3.17961152097148,-0.849131703631383
3.22389251674856,-0.78872067797969
3.26313632673795,-0.723844770574514
3.29717763360011,-0.654755755012362
3.32586996336272,-0.581723021651007
3.34908658041303,-0.505032849621949
3.3667214063883,-0.424987616971727
3.37868993968463,-0.341904930769286
3.3849301458821,-0.256116657813002
3.38540328469148,-0.167967837077749
3.38009463651539,-0.0778154573761931
3.36901409167839,0.0139729121615542
3.35219656792185,0.107020645443812
3.32970222678474,0.200943736237896
3.30161646670687,0.295352620230492
3.26804967962168,0.389854125965246
3.22913676783216,0.484053530468295
3.18503642837068,0.57755668845472
3.13593022207491,0.669972198549982
3.08202145353456,0.760913566417229
3.02353389522293,0.850001323376091
2.96071039400655,0.936865060190574
2.89381140048418,1.02114533917139
2.82311346110971,1.10249545337843
2.74890770988264,1.18058300915013
2.67149839083759,1.25509131691554
2.59120143510554,1.32572058464708
2.50834310757483,1.39218891772068
2.42325872886206,1.45423313769591
2.33629146915799,1.51160943999869
2.24779120225972,1.56409391616718
2.15811340136912,1.61148296983819
2.06761805352587,1.65359365680203
1.97666856717209,1.69026397822243
1.88563064744102,1.7213531526687
1.79487111624782,1.74674188727155
1.70475665887024,1.76633266156109
1.61565248501116,1.78005002994123
1.52792089978211,1.78784094091378
1.4419197880123,1.78967506370285
1.35800102312703,1.78554510640924
1.27650881894361,1.77546710471694
1.19777804857639,1.75948065682195
1.12213255882265,1.73764907885127
1.04988351066618,1.71005945561842
0.981327776799389,1.67682256400173
0.916746425402077,1.63807265026998
0.85640331605214,1.59396704794911
0.800543828922933,1.54468562887777
0.749393742775252,1.49043008646149
