0.834691411925401,1.40782304224816
0.791655129594222,1.35297132030178
0.753356761411853,1.29392627502619
0.719947242282404,1.23093028357348
0.691556761880814,1.16424186498978
0.668294401122554,1.09413444135964
0.650247882783576,1.02089503044003
0.637483425787579,0.944822886896525
0.630045692343074,0.866228108371256
0.62795781754359,0.785430221085029
0.631221512091309,0.702756757697349
0.639817230288216,0.618541837924323
0.653704397170902,0.533124760139511
0.672821690465557,0.446848610027836
0.697087374753752,0.360058890459795
0.726399686747955,0.273102175190853
0.760637271801192,0.186324787810839
0.799659672682448,0.100071506569478
0.843307872240546,0.0146842952506755
0.891404891885509,-0.0694989399013539
0.943756447886728,-0.152145567160294
1.00015166737651,-0.232929419980242
1.06036386570495,-0.311531960875735
1.12415138645297,-0.387643417782954
1.19125850498954,-0.460963891899536
1.26141639595161,-0.531204435741716
1.33434416440585,-0.598088099891899
1.40974993968633,-0.661350946610696
1.48733202995279,-0.720743028124227
1.56678013435363,-0.776029326945132
1.64777660829807,-0.826990655032771
1.72999777576452,-0.873424507953797
1.81311528085464,-0.915145869502196
1.89679746903848,-0.951987961535852
1.98071078685276,-0.98380293316306
2.06452118736292,-1.0104624829586
2.1478955276444,-1.03185840769904
2.23050294403561,-1.04790307126524
2.31201619110063,-1.05852978792874
2.39211293120397,-1.06369311524683
2.4704769633793,-1.06336905322466
2.5467993827336,-1.05755514820188
2.62077966485898,-1.04627050197822
2.69212667344379,-1.02955568886017
2.76055959323757,-1.00747258540928
2.82580879443434,-0.980104119509615
2.88761663807905,-0.947553946755935
2.94573823495179,-0.909946062926921
2.99994217225798,-0.867424361325104
3.05001122311987,-0.820152142967688
3.09574305318028,-0.768311586005575
3.1369509365503,-0.712103178411203
3.17346448993008,-0.651745115066634
3.20513042918979,-0.587472657126193
3.23181334730998,-0.519537448200152
3.25339650672405,-0.448206778815935
3.26978263322018,-0.373762788074643
3.28089469311166,-0.296501589724555
3.28667663082462,-0.216732309260382
3.28709404078718,-0.134776019293411
3.28213474584919,-0.0509645623948113
3.27180925462301,0.0343607461421206
3.25615107217942,0.120850538789318
3.23521684238234,0.208148937408379
3.20908630558107,0.295895208057744
3.17786206205046,0.383725515024017
3.14166913902627,0.471274754383671
3.10065436690414,0.558178442366545
3.05498557760927,0.644074629853031
3.00485064476733,0.728605811818539
2.95045639064467,0.811420799669926
2.89202738850106,0.89217652530873
2.82980469076646,0.970539748384641
2.76404451321446,1.04618864241817
2.69501690311773,1.11881424100104
2.62300441544317,1.18812173175236
2.54830081581689,1.25383159267143
2.4712098227087,1.31568057249903
2.3920438945644,1.37342252319351
2.31112306099059,1.42682909819914
2.2287737910908,1.47569033445731
2.1453278871211,1.51981513881563
2.0611213881427,1.55903170047415
1.97649346653398,1.59318785035613
1.89178530018665,1.62215138591733
1.80733890489991,1.64581037614788
1.72349591472299,1.66407345671097
1.64059630247461,1.67687011970803
1.5589770379996,1.68415099690607
1.47897068745933,1.68588812985337
1.40090396263279,1.68207521555687
1.32509623438653,1.67272781264338
1.25185802877208,1.65788349043391
1.18148952732971,1.63760190227303
1.11427909492672,1.61196476480868
1.05050185876136,1.58107572663343
0.990418361062922,1.54506011259853
0.934273305662401,1.50406453393685
0.882294415235036,1.45825635876639
0.834691411925401,1.40782304224816
