0.664045938606963,1.57301040729527
0.614616806291685,1.50984520550927
0.570647481618379,1.44185500612073
0.532310603742921,1.3693201659917
0.499754505886452,1.29253984668544
0.47310289286109,1.21183047699793
0.452454660811347,1.12752413630968
0.437883839220363,1.03996688571839
0.429439635572889,0.949517071582046
0.427146564751615,0.856543622727859
0.431004647938122,0.761424358563193
0.44098966911796,0.664544321059786
0.4570534808718,0.56629413944342
0.479124354626104,0.467068432712278
0.507107373656877,0.367264252049787
0.540884869692929,0.26727956291589
0.580316905848324,0.167511765122757
0.62524180981521,0.0683562484693508
0.675476761833298,-0.0297950186005118
0.730818442041359,-0.126554869506952
0.791043741559584,-0.221542290783065
0.855910541200933,-0.314383744921069
0.925158561192532,-0.404714464996349
0.998510284788766,-0.492179720706073
1.07567195820425,-0.576436055082698
1.15633466885725,-0.657152490914231
1.24017550341146,-0.734011705756619
1.32685878641965,-0.806711174262335
1.41603739937726,-0.874964276265732
1.5073541785713,-0.93850136856392
1.60044338818235,-0.997070817547301
1.69493226265014,-1.05043998875019
1.79044260940859,-1.09839618805094
1.8865924598815,-1.14074754775452
1.98299775333323,-1.17732384929396
2.07927403508247,-1.20797727298332
2.17503814804411,-1.23258306435549
2.26990989490287,-1.25104010632218
2.36351364774995,-1.26327138686655
2.45547988296569,-1.26922435332055
2.54544662163929,-1.2688711465081
2.6330607598772,-1.26220871107235
2.71797927881715,-1.24925878197396
2.79987033073316,-1.23006775117874
2.87841420485584,-1.20470642260885
2.95330418389761,-1.17326966712932
3.02424730915885,-1.13587599229228
3.09096507787684,-1.09266704341011
3.15319410058723,-1.04380705299097
3.21068674822009,-0.989482254472191
3.26321181812014,-0.929900273486558
3.31055524502862,-0.865289505704311
3.3525208773691,-0.795898484870829
3.38893133124258,-0.721995238407729
3.41962892486803,-0.643866621375488
3.444476685487,-0.561817613293658
3.46335940979553,-0.476170556886827
3.47618474864603,-0.387264313846747
3.4828842779354,-0.295453310662824
3.48341451104254,-0.201106447829194
3.47775780452076,-0.104605848465853
3.46592310840114,-0.00634542757295412
3.44794651557998,0.093270729459876
3.42389157123232,0.193830181274302
3.39384931262681,0.294914129699395
3.35793802148205,0.396099584614175
3.31630268426901,0.496961665002895
3.26911416966239,0.597075997365489
3.21656814565505,0.696021165232936
3.15888377067801,0.793381158661717
3.09630220253104,0.888747770688678
3.02908497532157,0.981722889041992
2.95751229747359,1.07192063590539
2.88188132302134,1.15896931595394
2.80250444395937,1.24251314272284
2.71970764377967,1.3222137249469
2.63382894213658,1.39775130698838
2.54521694868629,1.46882576995453
2.45422953151927,1.53515741169131
2.36123259325336,1.59648753369619
2.26659893675535,1.65257887042921
2.17070719346244,1.7032159010185
2.07394078104659,1.74820508468586
1.97668685413113,1.78737505934358
1.87933521208751,1.82057683796443
1.78227713149167,1.84768402996136
1.6859040972303,1.86859310557082
1.59060641491757,1.88322371088695
1.49677169745602,1.89151903057581
1.40478322939283,1.8934461852416
1.31501822330861,1.88899664167782
1.22784599200635,1.87818660744514
1.14362606803614,1.86105737682536
1.0627063075651,1.83767559345328
0.985421018457601,1.8081333958527
0.912089152571406,1.7725484155151
0.843012599826835,1.73106360269179
0.778474616895253,1.68384686220487
0.718738416868068,1.63109048970844
0.664045938606963,1.57301040729527
