0.730126058313759,1.50907959626872
0.683168956278656,1.44913386416805
0.641391836605853,1.38460786542305
0.604958983262335,1.31576718179969
0.574011775596872,1.24289515537105
0.548668343470471,1.16629147366376
0.529023353395567,1.08627067944279
0.515147909930133,1.00316062783611
0.507089556571416,0.917300911845331
0.504872361482781,0.829041274760022
0.508497075318308,0.738740024895392
0.517941350897285,0.646762464719335
0.533160017231515,0.553479343116292
0.554085403151546,0.459265336498615
0.580627708288284,0.364497561903886
0.612675421280892,0.269554123219518
0.650095786706453,0.174812690291152
0.692735323336214,0.0806491098695871
0.74042039695072,-0.0125639529496698
0.79295785116901,-0.104458344056681
0.850135699666857,-0.194671721353835
0.911723882881399,-0.282848827944689
0.977475091915206,-0.368642737469933
1.04712566192288,-0.451716071147503
1.12039653681029,-0.531742185730662
1.19699430658245,-0.608406331332343
1.27661231808682,-0.681406777835392
1.35893185913812,-0.750455908354078
1.44362341499221,-0.815281277862141
1.53034799478897,-0.875626634595242
1.61875852386265,-0.931252901132637
1.70850129572956,-0.981939111161416
1.7992174751683,-1.02748329686598
1.89054464123312,-1.06770332074823
1.9821183564696,-1.10243764459061
2.07357374626352,-1.13154602737146
2.16454707040386,-1.15491014338623
2.25467726783469,-1.17243411176574
2.34360745543609,-1.18404492912914
2.43098636267823,-1.1896927983308
2.51646968622093,-1.18935134815799
2.59972135196283,-1.18301774133741
2.680414676545,-1.17071267116619
2.75823342563465,-1.15248025028117
2.83287277210196,-1.12838779825212
2.90404016302627,-1.0985255375327
2.9714561098478,-1.06300620952882
3.03485492043338,-1.021964623878
3.09398539490334,-0.975557154264319
3.14861150840679,-0.92396119309854
3.19851310339163,-0.867374575151912
3.24348661119958,-0.806014976845712
3.28334581810613,-0.74011929358251
3.31792268446905,-0.669942992583469
3.34706821786364,-0.595759433576564
3.37065339251572,-0.517859144824647
3.38857009864169,-0.436549037864928
3.40073209715668,-0.352151541400055
3.4070759482979,-0.265003633412203
3.40756187763809,-0.17545575103364
3.40217454022073,-0.0838705601290689
3.39092364345032,0.00937842910255462
3.37384439203595,0.103908408110224
3.35099772361245,0.199328977685727
3.32247031133913,0.295244009123411
3.28837431929274,0.391253641903176
3.24884690716652,0.486956392581324
3.20404949189407,0.581951342161918
3.15416678452442,0.675840363362166
3.09940563019642,0.768230345370255
3.03999368669504,0.85873537227058
2.97617798226374,0.946978812451787
2.90822339573172,1.03259527999613
2.83641110144698,1.11523243505793
2.76103701807569,1.19455259817666
2.68241029434791,1.27023416278677
2.60085185681035,1.34197280022445
2.51669303525559,1.40948246157421
2.43027427149867,1.47249619003072
2.34194390736688,1.53076676541426
2.25205703892834,1.58406720852047
2.16097441678541,1.63219117670989
2.0690613672322,1.67495328333292
1.97668670656433,1.71218937222502
1.88422162096575,1.74375677477137
1.79203848709873,1.76953457128942
1.70050961349827,1.7894238712136
1.61000588966037,1.80334811839863
1.52089533771864,1.81125341944502
1.43354157015446,1.81310888495243
1.34830216539083,1.80890696662659
1.26552698072485,1.79866376770815
1.18555642829667,1.78241930062173
1.10871974424322,1.76023766426488
1.0353332835776,1.73220711400245
0.965698873578793,1.69844000006665
0.900102256658913,1.65907255440577
0.838811650039262,1.61426451167478
0.782076444488064,1.56419855654044
0.730126058313759,1.50907959626872
