0.713608862296523,1.52506380476777
0.666033443802344,1.4643133572189
0.623707916634105,1.39892148804951
0.586798659427584,1.32915746364389
0.555448798719416,1.25530857011613
0.52977786884199,1.17767866869253
0.509881605591793,1.09658667473203
0.49583185693598,1.01236498409469
0.487676594095513,0.925357868759012
0.485440007566322,0.835919860866262
0.489122674745453,0.744414141058398
0.498701788510371,0.651210943410498
0.514131439043458,0.55668598574729
0.535342944112034,0.461218930937411
0.562245225668989,0.365191882070014
0.594725232859119,0.268987912350312
0.632648413205586,0.172989629139187
0.675859234886653,0.0775777707715909
0.724181763635468,-0.0168701654724349
0.777420297992054,-0.109981265729791
0.835360066519231,-0.201388513336766
0.89776799027895,-0.290732074600434
0.964393513451598,-0.377660556601822
1.03496950453446,-0.461832236617773
1.1092132301007,-0.542916262395407
1.18682740261598,-0.620593822253162
1.26750130323673,-0.694559283769206
1.35091197976572,-0.764521299581371
1.43672551892234,-0.830203878484264
1.52459839071429,-0.891347419499549
1.61417886092326,-0.947709705870638
1.70510846554122,-0.999066854987289
1.79702353847806,-1.04521421911904
1.88955678113634,-1.08596723061611
1.98233885970973,-1.12116218405082
2.07500001355087,-1.15065694677929
2.16717165594682,-1.17433158877051
2.25848794740973,-1.19208892243719
2.34858732138207,-1.20385494373578
2.43711394325403,-1.20957916705663
2.52371908588901,-1.20923484840253
2.60806240843718,-1.2028190939827
2.68981312994625,-1.19035285447293
2.768651094893,-1.17188080858512
2.84426773388606,-1.14747114296585
2.91636692897302,-1.11721523848715
2.98466579871375,-1.08122727538433
3.04889542294235,-1.03964377114554
3.10880153045438,-0.992623065338956
3.16414517433388,-0.9403447645399
3.21470341901414,-0.883009158169257
3.26027006034325,-0.820836612476932
3.30065639498077,-0.754066945328617
3.33569204864664,-0.682958779221573
3.36522586451571,-0.607788864498241
3.38912684398085,-0.528851359535161
3.40728512277998,-0.446457050264611
3.41961295682751,-0.360932488214605
3.4260456847326,-0.272619024732298
3.42654262857106,-0.181871719474249
3.42108789152372,-0.0890581037450326
3.40969101084067,0.00544321618443464
3.39238742736366,0.101244124248632
3.36923873843484,0.197948728840571
3.34033270910829,0.295155257891969
3.30578302662395,0.392458097331765
3.26572879440018,0.489449946607814
3.22033377353741,0.585724057099037
3.16978539114128,0.680876513024714
3.11429354483512,0.77450851039658
3.05408924089277,0.866228588028077
2.98942310889611,0.95565476579796
2.92056383831856,1.04241654924136
2.84779658180406,1.12615676588175
2.77142136624551,1.20653320710129
2.69175154639933,1.28322005919229
2.60911232724843,1.35590911784184
2.52383937135073,1.4243107909152
2.43627749679892,1.48815490426328
2.34677946101744,1.54719133368563
2.25570481625468,1.60119049254956
2.16341881500775,1.64994370847739
2.0702913383083,1.69326352373823
1.97669581716213,1.7309839525015
1.88300811761175,1.76296072411581
1.78960536278779,1.78907153545018
1.69686467062265,1.80921632760999
1.60516179312477,1.8233175936635
1.51486965162109,1.83132071508766
1.42635677145443,1.83319431616184
1.33998562853608,1.82893061814637
1.25611092820964,1.81854576931148
1.17507784348282,1.8020801231177
1.09722024437638,1.77959843530418
1.02285895264343,1.75118995134924
0.952300056336275,1.71696835858057
0.885833316736843,1.6770715818307
0.823730696283806,1.63166140752805
0.766245030725452,1.58092292797733
0.713608862296523,1.52506380476777
