0.853945274091802,1.38916615356121
0.81163215997318,1.33525230197603
0.773975649604785,1.27721634492449
0.741124204374224,1.21529640823659
0.71320593086238,1.1497464659211
0.690328215841197,1.08083513156133
0.672577472448177,1.00884438253319
0.660018987863364,0.934068233268006
0.652696862441159,0.856811373008672
0.650634030590561,0.777387782126445
0.653832354617889,0.696119339254308
0.662272784082435,0.613334429440554
0.675915574794448,0.529366561413156
0.694700563240444,0.444553000030415
0.718547493809049,0.359233418200681
0.747356397599359,0.273748571067802
0.781008022749093,0.188438994121117
0.819364317085585,0.103643726101961
0.862268964477446,0.0196990571123722
0.909547976573588,-0.0630626978671921
0.961010341701234,-0.14431439984161
1.01644873260328,-0.223735260699646
1.07564027447164,-0.301011991588063
1.13834737440832,-0.375839923958155
1.20431861303437,-0.447924102231127
1.27328969846392,-0.516980346777419
1.3449844822463,-0.58273628564159
1.41911603612483,-0.644932353146962
1.49538778753351,-0.703322753157444
1.573494710633,-0.757676384337447
1.65312456836933,-0.807777724226513
1.73395919954767,-0.8534276683439
1.81567584330429,-0.894444319892007
1.89794849172041,-0.930663724990324
1.98044925977216,-0.961940547815563
2.06284976048889,-0.988148679632172
2.14482247224939,-1.00918177555561
2.22604208472393,-1.02495371307424
2.30618681019144,-1.03539896691947
2.38493964790681,-1.04047289584133
2.46198959089185,-1.04015193820367
2.53703276693894,-1.03443371500056
2.60977350864487,-1.02333704081405
2.67992535076236,-1.00690184524416
2.74721195683825,-0.985189009281045
2.81136798072774,-0.958280122777291
2.87213987183752,-0.92627717044152
2.92928663556397,-0.889302154459386
2.98258056209175,-0.847496661841028
3.03180793729382,-0.801021383835922
3.07676974879463,-0.750055593252999
3.11728239828782,-0.694796583353032
3.15317842800647,-0.635459069288865
3.18430726500353,-0.572274550066425
3.21053598188358,-0.505490625942797
3.23175006718825,-0.435370263352222
3.24785419318373,-0.362190997145928
3.25877296376028,-0.286244058415162
3.26445162095054,-0.207833415659061
3.26485668557818,-0.127274717711347
3.25997650605423,-0.0448941287154939
3.24982168953163,0.0389729514975012
3.23442539157058,0.123983284157308
3.21384344408437,0.209787303017603
3.18815430642188,0.296030732673712
3.15745883067504,0.382356300282922
3.1218798392568,0.468405521904484
3.08156151999568,0.553820540003722
3.03666865092907,0.638245985016066
2.98738567315533,0.721330831543406
2.93391563508901,0.80273021896697
2.87647903490437,0.882107207108624
2.81531258962403,0.959134440035635
2.75066795911798,1.03349569504122
2.68281045127841,1.10488729899083
2.61201773101882,1.1730194002548
2.53857855082729,1.23761709093747
2.4627915147973,1.29842138061067
2.3849638818374,1.35519002881689
2.30541040762494,1.40769824880899
2.22445221929694,1.4557392989926
2.14241571229148,1.4991249810809
2.05963145550058,1.53768606492067
1.97643308919327,1.57127265928514
1.89315620010875,1.59975454576008
1.81013715966127,1.6230214893911
1.72771191417478,1.64098353532269
1.6462147201965,1.65357129561933
1.56597682286534,1.66073622522661
1.48732508061957,1.66245088101901
1.41058054479192,1.65870915347189
1.33605700744886,1.64952645701007
1.26405953482983,1.63493986276331
1.19488300665266,1.61500815643798
1.12881068319456,1.58981180433022
1.06611282236142,1.55945281208703
1.00704536795869,1.52405446350681
0.951848728208884,1.48376093022021
0.900746660441976,1.43873674721646
0.853945274091803,1.38916615356122
