0.859445911008584,1.38383536508319
0.81733946871828,1.33018944661968
0.779866405351011,1.27244176761163
0.74717447480243,1.21082924047541
0.71939118731239,1.14560454212768
0.696623444144319,1.07703491390988
0.67895728259966,1.00540089471864
0.666457721915703,0.930995003317536
0.659168700211769,0.854120385061385
0.657113092965799,0.775089436922738
0.660292804389697,0.694222422944631
0.668688924367857,0.611846090238454
0.68226194516035,0.528292293577349
0.700952033687993,0.443896634659255
0.724679356769849,0.358997120351723
0.753344458064812,0.273932842765983
0.786828686604324,0.189042682882191
0.824994677657177,0.104664038664695
0.867686887236989,0.0211315781370906
0.91473218187201,-0.0612239823196761
0.96594048534538,-0.142077074190247
1.02110548402774,-0.221108447186201
1.08000539220546,-0.298006313160001
1.14240377848671,-0.372467462748864
1.2080504539589,-0.444198353680091
1.27668242226946,-0.512916169420337
1.34802489119014,-0.578349846588885
1.42179234447337,-0.640241069258479
1.49768967188963,-0.698345227912695
1.57541335422558,-0.752432340397083
1.65465269872331,-0.802287931685252
1.73509111897358,-0.847713868691656
1.81640745169661,-0.888529145731847
1.89827730123966,-0.924570615611543
1.98037440110693,-0.955693660788179
2.06237198055129,-0.981772798673912
2.14394412334468,-1.00270221502014
2.22476710544447,-1.01839621951344
2.30452069850332,-1.02878961827484
2.38288942711021,-1.03383799891027
2.45956376932555,-1.03351792509579
2.53424129244895,-1.02782703933745
2.60662771893037,-1.01678407442612
2.67643792073635,-1.00042877607565
2.74339684408752,-0.978821741127321
2.80724037002387,-0.952044177351849
2.86771611944226,-0.920197592110134
2.92458421379915,-0.883403417797863
2.97761800432346,-0.841802581986164
3.02660478313543,-0.795555029423458
3.07134648899044,-0.744839201589579
3.11166041842641,-0.689851477368253
3.14737994995893,-0.630805575772648
3.17835528481043,-0.567931918726044
3.20445420274645,-0.501476948917432
3.22556282626789,-0.431702394998908
3.241586381073,-0.358884474150637
3.25244993577704,-0.283313020571446
3.25809909977228,-0.205290527973813
3.25850065518987,-0.125131094818007
3.25364309747421,-0.0431592628729349
3.24353705928267,0.0402912572941324
3.22821559433676,0.124878976253722
3.20773430140359,0.210256128585987
3.18217127357733,0.296070280855884
3.15162686414045,0.38196603138257
3.11622326710466,0.467586783273557
3.07610391758869,0.552576567621176
3.03143272398709,0.636581890190206
2.98239314994014,0.71925357265547
2.92918716900136,0.800248558682029
2.87203411827586,0.879231655976368
2.81116947894702,0.955877187854329
2.74684361143113,1.02987053173211
2.67932047095038,1.10090952700172
2.60887632578336,1.16870574066202
2.53579849564605,1.23298558543561
2.46038412197953,1.2934912914692
2.3829389758367,1.34998173865205
2.30377630305722,1.40223316168702
2.2232157009682,1.45003974397197
2.1415820163644,1.49321411884883
2.05920425133545,1.53158779771671
1.97641446183671,1.56501154386606
1.89354663383566,1.59335570877817
1.81093552336804,1.61651054425804
1.72891544974238,1.63438649943398
1.64781903516809,1.64691450673065
1.56797588889763,1.65404625580619
1.48971123916424,1.65575444954209
1.41334452134598,1.65203303186028
1.33918793549257,1.64289737373039
1.26754499026787,1.62838440145478
1.19870905321248,1.60855265031737
1.13296192884525,1.5834822269875
1.07057248642499,1.55327466561531
1.01179535822178,1.51805266518071
0.956869727030129,1.47795969913227
0.906018218607332,1.43315949239048
0.859445911008584,1.38383536508319
