0.768658872569787,1.47177921411568
0.723145313284379,1.41371073986792
0.682648733551275,1.35120462797027
0.647328515412329,1.28451788538966
0.617321939981007,1.2139246782898
0.592743833471705,1.13971498445254
0.573686337891569,1.06219317276973
0.560218792765919,0.981676530292324
0.552387714117599,0.898493755991066
0.550216857730223,0.812983438267429
0.553707355288681,0.725492530612675
0.562837914065104,0.636374836916725
0.577565073154621,0.545989515028837
0.597823511628689,0.454699604485096
0.62352640616766,0.362870582006178
0.654565837612606,0.270868946535326
0.690813247351227,0.179060834270811
0.732119945493468,0.0878106633327932
0.778317673418727,-0.00252019267102338
0.829219223545729,-0.0915747029466229
0.884619119167226,-0.179001450239489
0.944294356988916,-0.264455874202102
1.00800521468845,-0.347601487235828
1.07549612541658,-0.428111062274034
1.14649662071753,-0.505667791655921
1.22072234283762,-0.579966415969904
1.29787612677792,-0.65071432149195
1.37764915167016,-0.717632604561232
1.45972216005033,-0.78045710086958
1.54376674231736,-0.838939377146668
1.62944668206882,-0.892847682073267
1.71641935611366,-0.941967852452856
1.80433718083464,-0.986104169754799
1.8928490943246,-1.02508016118294
1.9816020615107,-1.05873933852506
2.07024258750794,-1.08694586732506
2.15841822292511,-1.10958515852119
2.245779043998,-1.12656437473123
2.33197909043437,-1.1378128439314
2.41667774485958,-1.14328237442051
2.49954103981373,-1.14294746667903
2.58024288134374,-1.13680541995465
2.65846618223183,-1.1248763340021
2.73390390258195,-1.10720300918481
2.80626000053825,-1.0838507508798
2.87525030095784,-1.05490708655933
2.94060329449064,-1.02048140579876
3.00206088331437,-0.98070453455262
3.05937909235238,-0.935728255173993
3.11232876585633,-0.885724782726796
3.16069626856276,-0.830886206146425
3.20428420816015,-0.771423899835378
3.24291219160848,-0.707567907529047
3.2764176221605,-0.639566296017337
3.30465653710989,-0.56768447191519
3.32750447881536,-0.492204450538776
3.34485738398518,-0.413424062473558
3.3566324691511,-0.331656080999105
3.36276908430264,-0.24722725248466
3.363229502317,-0.160477212414793
3.3579996095246,-0.0717572719512331
3.34708946276511,0.0185709361470772
3.33053368071146,0.110136958013091
3.30839164197702,0.202563164740967
3.2807474692987,0.295466535848892
3.24770978746239,0.388460564338443
3.20941125202899,0.481157260245151
3.16600785566273,0.573169223124628
3.1176780282536,0.664111748837981
3.06462155537985,0.75360493271313
3.00705834636529,0.841275729964077
2.9452270877685,0.926759935294645
2.87938382027908,1.00970404687548
2.8098004765646,1.08976698517269
2.73676341468713,1.16662164407607
2.66057197655981,1.23995625994552
2.58153709398561,1.30947559299445
2.49997995668718,1.37490192423438
2.41623074806356,1.43597587939588
2.3306274458891,1.49245709824121
2.24351467747239,1.54412477301743
2.15524261250656,1.59077808311528
2.06616587243007,1.63223655411198
1.97664243288088,1.6683403682659
1.88703249588494,1.69895065035029
1.79769731070446,1.72394974777082
1.70899792653655,1.74324151764108
1.62129386610119,1.75675162641999
1.53494171607762,1.76442786041562
1.45029363775975,1.76624043850493
1.36769580860546,1.7621823123345
1.28748681198336,1.75226943449218
1.20999599788458,1.7365409719977
1.13554184128837,1.71505944113089
1.06443032701255,1.68791074013576
0.996953390158435,1.65520405859391
0.933387439742362,1.61707164601488
0.873991989996841,1.57366842709908
0.819008419442078,1.52517145678156
0.768658872569787,1.47177921411568
