0.757650539470602,1.48243702221013
0.71172442428852,1.42383224839764
0.670861844290947,1.36074909485674
0.63522358407279,1.29344701532602
0.604948098671954,1.22220279389377
0.580151161919566,1.14730917850074
0.560925641250517,1.06907344080579
0.547341384761157,0.987815883514412
0.539445206189473,0.903868314850781
0.537260954377714,0.817572507625585
0.54078965544054,0.729278657586411
0.550009718049123,0.639343852715544
0.56487719469121,0.548130562125079
0.585326094235149,0.456005150415297
0.611268743407263,0.363336420977952
0.642596196736307,0.270494189846153
0.679178696036113,0.177847890356208
0.720866181558752,0.0857652080741803
0.767488857578855,-0.00538925491667085
0.818857815427742,-0.09525528727163
0.874765716968854,-0.183478347845522
0.934987541283531,-0.269710817647983
0.999281396996464,-0.353613224171418
1.06738940226627,-0.434855437586866
1.13903863401897,-0.513117837977896
1.21394214749671,-0.588092452512385
1.29180006658605,-0.659484061204211
1.3723007446163,-0.727011269640396
1.45512199430779,-0.790407546686385
1.53993238424462,-0.849422224682897
1.62639259761502,-0.903821458982616
1.71415684701469,-0.95338914284506
1.80287433690779,-0.99792777275129
1.89219076300124,-1.03725925819218
1.98174983547936,-1.07122566903268
2.07119481097372,-1.09968991278975
2.16017001653463,-1.1225363337216
2.24832234795382,-1.13967122563649
2.33530272475922,-1.15102325089206
2.42076748520966,-1.15654375922257
2.50437970672615,-1.15620700180015
2.58581044038428,-1.15001023823526
2.66473985222933,-1.13797373691732
2.74085826903269,-1.12014067199091
2.81386713136287,-1.09657692311665
2.88347986210495,-1.0673707867112
2.94942266339826,-1.03263260933171
3.01143525893632,-0.992494355027582
3.06927160128841,-0.947109118641031
3.12270056503338,-0.896650596091859
3.17150664582999,-0.84131252061898
3.21549068300754,-0.781308070866701
3.25447061892226,-0.716869252796859
3.28828230242164,-0.648246252973689
3.31678033666954,-0.575706756176436
3.33983896380897,-0.499535215961493
3.35735297106217,-0.420032063148725
3.36923859551246,-0.337512834646554
3.37543439859206,-0.252307203893733
3.37590207676338,-0.164757894719695
3.37062717246321,-0.0752194627218264
3.35961964936505,0.0159430677048537
3.34291429850399,0.108355716951979
3.32057094670955,0.201637213823981
3.29267444581679,0.295400800995767
3.25933442981422,0.38925616618338
3.22068483683773,0.482811475308025
3.17688320303768,0.575675477219605
3.12810974509953,0.667459644251786
3.07456625687248,0.757780309449066
3.01647485252491,0.846260760049357
2.95407659339478,0.932533247877176
2.88763003790952,1.01624088068093
2.81740975348147,1.09703936393573
2.74370482622129,1.17459856986901
2.66681739893572,1.24860391895253
2.58706126064784,1.31875756824458
2.50476050240012,1.38477941011229
2.42024824506262,1.44640789336871
2.33386543599651,1.50340068612469
2.24595970341017,1.55553520518407
2.1568842507084,1.60260904024013
2.06699676855307,1.64444030226585
1.97665834004098,1.68086792431198
1.88623231448364,1.71175193959481
1.7960831276714,1.73697375659064
1.70657505096377,1.75643644431171
1.61807085765333,1.77006503356612
1.53093040226825,1.77780683239918
1.44550911620257,1.77963174667186
1.3621564306698,1.77553259040083
1.28121414487291,1.76552536552161
1.20301476296212,1.74964948747543
1.12787982741971,1.72796793164958
1.05611827872309,1.70056727625362
0.988024871407917,1.6675576195729
0.923878675054332,1.62907235345538
0.863941685466853,1.58526777999942
0.808457566745854,1.53632256428955
0.757650539470602,1.48243702221013
