0.658537893083729,1.57833724905826
0.608902906613105,1.51490368671357
0.56475106983066,1.4466247185555
0.526255715242163,1.37378193722278
0.493565751242942,1.29667582790788
0.466805341926527,1.2156242202289
0.446073730059779,1.13096066062787
0.431445182890095,1.04303273263878
0.422969040827353,0.952200349973502
0.420669850785071,0.858834043921144
0.424547568731864,0.763313262451087
0.43457781941084,0.666024694062043
0.450712204843769,0.567360625205321
0.472878656796649,0.467717336341425
0.500981831558174,0.367493538588982
0.534903547973936,0.267088850619455
0.574503271583808,0.166902313967134
0.619618648917409,0.067330944201421
0.670066096580985,-0.0312316846814006
0.725641449843485,-0.128396824918607
0.786120675154818,-0.223781910321082
0.851260650561232,-0.317011883179478
0.92080001745281,-0.407720492928697
0.994460106572421,-0.4955515662087
1.07194594076283,-0.580160247581237
1.15294731649803,-0.661214209938754
1.23713996575219,-0.738394833504654
1.32418679908517,-0.811398352173508
1.41373922983298,-0.879936965664486
1.50543857786457,-0.943739915461818
1.59891754942278,-1.00255452172546
1.69380178708852,-1.05614717725566
1.78971148095755,-1.10430429322852
1.88626302884593,-1.1468331898903
1.98307072997656,-1.18356292386293
2.07974849344313,-1.21434504237228
2.17591154013903,-1.23905425377693
2.27117807512401,-1.2575890034565
2.36517090689503,-1.26987194458254
2.45751899097178,-1.2758502946459
2.54785887773769,-1.27549607087219
2.63583604859365,-1.2688062007425
2.72110613003256,-1.2558025075695
2.80333598192508,-1.23653157518772
2.88220466367797,-1.21106449995386
2.95740428943366,-1.17949654203033
3.02864079050516,-1.14194669094382
3.09563460915039,-1.09855716230876
3.15812135199448,-1.04949284309159
3.21585243341941,-0.994940701685697
3.26859573872102,-0.935109176326874
3.31613633364333,-0.870227551113862
3.35827724111756,-0.800545323375391
3.39484029796216,-0.726331559750929
3.42566709445982,-0.647874231649481
3.45061998881324,-0.565479514315038
3.46958317732043,-0.479471028177763
3.48246379058924,-0.390188997094281
3.48919297710908,-0.297989295978723
3.48972692880727,-0.203242360560879
3.48404779947473,-0.106331934763028
3.47216446657161,-0.00765363644253688
3.45411309008044,0.0923866702313074
3.42995742864645,0.193374698148584
3.39978888283795,0.29488974819804
3.36372624732932,0.396506888564409
3.32191516730825,0.497799272495597
3.27452730845345,0.598340555152209
3.22175926337771,0.697707362596205
3.16383122947138,0.795481761001985
3.10098550271031,0.891253672236385
3.03348483849499,0.984623183283465
2.96161073349502,1.07520270156551
2.88566168159985,1.16261891576126
2.80595145254055,1.24651453173957
2.72280743395339,1.32654976500888
2.63656906726683,1.40240358378641
2.54758639566986,1.47377470949744
2.45621872954987,1.54038239330592
2.36283342220477,1.60196699730689
2.26780473732713,1.65829041657462
2.171512780598,1.70913638284863
2.07434246139051,1.75431069198174
1.97668244750328,1.79364139535124
1.87892407617986,1.82697899048267
1.78146018830225,1.85419663862135
1.6846838591894,1.87519042756276
1.58898700827649,1.88987968750581
1.49475888032283,1.89820735687385
1.40238440182219,1.90014038480199
1.31224242707529,1.89567014809089
1.22470389809008,1.8848128535141
1.14012995038234,1.86760989190056
1.05887000231529,1.84412810864282
0.98125986851258,1.81445995623305
0.907619938008637,1.77872349791455
0.838253455291384,1.73706223717825
0.773444937581582,1.68964475510564
0.713458755077265,1.63666414583677
0.658537893083729,1.57833724905826
