0.793424579365579,1.44779752139811
0.748839608377526,1.39093554192863
0.70916691420307,1.32972756947124
0.674562717478353,1.26442511476925
0.645161649480731,1.19529646436703
0.621076393718249,1.12262537474404
0.602397448183368,1.04670969514475
0.589192995892328,0.967859938265354
0.581508871101855,0.886397816809099
0.579368609248792,0.802654762043302
0.582773570011978,0.716970438116247
0.591703124732595,0.629691263263579
0.606114901523728,0.5411689463819
0.625945083539702,0.451759044969439
0.651108757880633,0.361819548281051
0.68150031434208,0.271709487814561
0.716993894599666,0.181787575978588
0.75744389341106,0.0924108729785148
0.802685514035229,0.00393348154568953
0.852535380357495,-0.0832947309549505
0.906792208235639,-0.168929383365609
0.96523753841887,-0.252632804578342
1.02763653310159,-0.334075230104496
1.09373883780145,-0.412935970767359
1.16327950981425,-0.488904552615608
1.23598001398658,-0.561681826886183
1.3115492859275,-0.630981048583299
1.38968486200289,-0.696528921946799
1.47007407446773,-0.758066610714249
1.55239530884969,-0.815350710599896
1.63631931918272,-0.868154180799714
1.72151059491898,-0.916267230590796
1.80762877138104,-0.959498156261367
1.89433007355955,-0.997674122751509
1.98126878106269,-1.03064188359757
2.06809870026074,-1.05826843216599
2.15447462833947,-1.08044157685042
2.24005379327066,-1.09707043299571
2.32449725379321,-1.10808582488311
2.40747124449334,-1.11344059220551
2.48864845302737,-1.11310979706874
2.56770921941649,-1.10709082961101
2.64434265103921,-1.09540341271448
2.71824765124763,-1.07808950881874
2.78913386415337,-1.05521313432533
2.85672254272343,-1.02686008927434
2.92074735152055,-0.993137611651289
2.98095511883807,-0.954173966639028
3.03710655527309,-0.910117981212609
3.08897695667693,-0.861138533596112
3.13635690873833,-0.80742400525718
3.17905300813424,-0.749181700395141
3.2168886112981,-0.686637234460922
3.24970461661744,-0.620033889392315
3.2773602796168,-0.549631929280446
3.29973405384916,-0.475707866465781
3.31672444332221,-0.398553664965794
3.32825084587059,-0.318475866007937
3.33425436148558,-0.23579461956985
3.33469853570633,-0.150842606415271
3.32957000613967,-0.0639638372505714
3.31887902025186,0.0244876807203412
3.30265979485067,0.114149414558412
3.2809706920639,0.204651912308788
3.2538941928664,0.295620537560218
3.22153665690656,0.38667731675518
3.1840278660071,0.477442877478805
3.14152035765553,0.567538450068116
3.09418856341436,0.656587900257608
3.042227774848,0.744219757597676
2.98585296572758,0.830069203319198
2.9252975034971,0.91377998230269
2.86081178497682,0.995006206822588
2.79266183092602,1.07341402460134
2.72112787145724,1.14868313010635
2.64650294963285,1.22050810551849
2.56909156428443,1.28859958587128
2.48920836570043,1.35268525093732
2.40717690993126,1.41251065395592
2.32332846969537,1.46783990372917
2.23800089284438,1.51845622152721
2.15153749359718,1.5641623973184
2.06428595770499,1.60478117090348
1.97659724063831,1.64015556256762
1.8888244379035,1.67014917500611
1.80132160864142,1.69464648380924
1.71444253751319,1.71355312810353
1.62853942517903,1.72679620651952
1.54396150396214,1.73432457701136
1.46105358203367,1.73610915271256
1.38015452611288,1.73214318045543
1.30159569873045,1.72244248421236
1.22569937110636,1.70704565282976
1.15277713629881,1.68601415018985
1.08312834927069,1.65943232638519
1.01703862081247,1.62740731052894
0.954778390912298,1.59006876923518
0.896601604359014,1.54756851927971
0.842744507385179,1.50007998811874
0.79342457936558,1.44779752139811
