0.611710935282213,1.62361088371997
0.56032710521004,1.55789583694633
0.514624983266678,1.48716181976586
0.474783776071695,1.41170095850629
0.44095725257434,1.33182502404996
0.41327344606105,1.24786379017511
0.391834507502072,1.16016331010551
0.376716686417026,1.06908414204892
0.36797041614773,0.974999551512765
0.365620482705105,0.878293714003488
0.369666259792004,0.779359936826929
0.380081996732548,0.678598913596747
0.396817150400035,0.576417020167654
0.419796756414937,0.473224656400562
0.44892183855098,0.369434634691327
0.484069858216405,0.265460613688499
0.525095207961562,0.161715574104783
0.571829754207156,0.05861033290483
0.624083434888031,-0.0434479077392929
0.68164491763075,-0.14405697971065
0.7442823236282,-0.242821138509565
0.811744021738577,-0.339352424227793
0.883759496683931,-0.433271994185935
0.960040294661385,-0.524211426841646
1.04028104924177,-0.611813996187637
1.12416059007375,-0.695735915691975
1.21134313652706,-0.775647550796236
1.30147957784094,-0.851234598948218
1.39420884041779,-0.922199235959605
1.48915934145732,-0.988261227013915
1.58595052604943,-1.04915899981429
1.68419448209737,-1.10465067612338
1.78349762408585,-1.15451505635155
1.88346243290792,-1.19855255001379
1.98368923498714,-1.23658604298875
2.08377800013049,-1.26846169081312
2.18333013432762,-1.29404962599415
2.28195024149243,-1.31324456677674
2.37924782730799,-1.32596631517053
2.47483891918744,-1.33216013346393
2.56834757908156,-1.33179699096179
2.65940729046403,-1.32487367620039
2.74766220715059,-1.31141277421324
2.8327682593119,-1.29146251322905
2.91439412061498,-1.26509649007204
2.99222204922866,-1.23241328804281
3.06594862372934,-1.19353600471155
3.13528540199452,-1.14861170941592
3.19995953627212,-1.09781085096979
3.25971438017566,-1.0413266349304
3.31431012297097,-0.979374386675894
3.36352448300588,-0.912190911629344
3.40715348556728,-0.840033857530898
3.4450123411727,-0.76318107617763
3.47693642891174,-0.681929974130332
3.5027823767555,-0.5965968342268
3.52242921771227,-0.507516083072796
3.53577958836666,-0.415039474701512
3.5427609257274,-0.319535157896488
3.54332661036278,-0.221386594698839
3.53745699927337,-0.120991300595577
3.52516029134283,-0.0187593828007173
3.50647317171803,0.0848881383687501
3.48146118897241,0.189521229258102
3.45021882994683,0.294702955797189
3.41286927099222,0.399991788786757
3.36956379996838,0.504944068316404
3.32048091963469,0.609116582981673
3.26582515878194,0.712069210706101
3.20582563141409,0.813367562102946
3.14073439543711,0.912585564968444
3.07082466981151,1.00930792995825
2.99638897242509,1.10313244274282
2.91773723982879,1.19367203665189
2.8351949845883,1.28055661141367
2.74910153681571,1.36343457725076
2.6598084042366,1.44197411832659
2.5676777709304,1.5158641842692
2.47308113981409,1.58481523215954
2.37639810923311,1.64855975297019
2.27801526083729,1.7068526251544
2.17832512527074,1.75947134332189
2.07772518488149,1.80621617138201
1.97661686916055,1.84691026716947
1.87540449913113,1.88139981967421
1.77449414127502,1.90955423112428
1.67429233934597,1.93126636508859
1.57520470285636,1.94645286939825
1.47763434321837,1.95505457002784
1.38198016144593,1.95703692012242
1.2886350039293,1.95239047800271
1.19798371409689,1.94113137997517
1.11040111694125,1.92330176864441
1.02624997978067,1.89897013545618
0.945878995880336,1.86823153740912
0.869620837566483,1.83120765203217
0.797790322399295,1.78804664137902
0.730682730231763,1.73892280431538
0.668572301168971,1.6840360060318
0.611710935282213,1.62361088371997
