0.702596350900513,1.53571938652436
0.654608836026479,1.47443240478813
0.611917835742777,1.40846322148428
0.574691123003127,1.33808356274162
0.54307298596831,1.26358334798094
0.517183891378468,1.18526922513227
0.497120283556196,1.10346302883909
0.482954501626384,1.0185001860524
0.474734797666329,0.930728091500087
0.472485439817442,0.840504472659043
0.47620688661761,0.748195760397405
0.485876021629524,0.654175477741465
0.501446440518188,0.558822655577649
0.522848785770242,0.46252028079458
0.549991127001627,0.36565377960164
0.582759387092085,0.268609536645089
0.62101781611746,0.171773449114652
0.664609516202967,0.0755295142528458
0.713357021038012,-0.0197415515522421
0.767062933969371,-0.113663663728547
0.825510628444916,-0.205866691731051
0.888465014237735,-0.295987753137761
0.955673372445541,-0.383672479709027
1.02686626180265,-0.468576255013634
1.10175849838624,-0.55036542286608
1.18005021032273,-0.628718465564546
1.26142796853911,-0.703327150717922
1.34556599386701,-0.773897645227369
1.43212743979058,-0.840151594658872
1.52076574874482,-0.90182716573336
1.61112607806229,-0.958680048922145
1.70284678943068,-1.01048441715974
1.79556099312503,-1.057033835514
1.88889813544975,-1.09814211537558
1.98248561496904,-1.13364410547837
2.07595041047419,-1.16339641100553
2.16892070151721,-1.18727803134878
2.26102746102201,-1.20519090693916
2.35190599922307,-1.21706036609032
2.44119743917335,-1.22283546406897
2.52855010640853,-1.22248920863941
2.61362081904152,-1.21601866904463
2.69607606944801,-1.20344496862558
2.77559309451991,-1.18481316480705
2.8518608378259,-1.16019202369734
2.9245808134493,-1.12967369972887
2.99346788724541,-1.09337333327461
3.05825099623518,-1.05142858070661
3.11867383033117,-1.00399909168066
3.17449550216714,-0.951265947389312
3.22549123019766,-0.893431071099293
3.27145305733947,-0.830716618580685
3.31219062232076,-0.76336435128065
3.34753199385934,-0.691634989646558
3.37732456925718,-0.615807538312663
3.40143602958118,-0.536178569440019
3.4197553340075,-0.453061445868541
3.43219372690171,-0.366785462400451
3.43868572354012,-0.277694881906978
3.43919003472375,-0.186147843336704
3.43369038743542,-0.0925151212530704
3.42219619849759,0.00282127878633165
3.40474306103506,0.0994696980838241
3.38139300932876,0.197030576807285
3.35223453601912,0.295098371895641
3.31738234602503,0.393263623072015
3.27697684325683,0.491115139964753
3.23118335837248,0.588242275170207
3.18019113756421,0.684237241619956
3.1242121227961,0.778697428383204
3.06347956227074,0.871227667428492
2.99824649557037,0.961442405080431
2.92878416049264,1.04896773591578
2.8553803679246,1.13344326341226
2.77833788726963,1.21452376035587
2.69797287830695,1.29188061222324
2.61461339648822,1.36520303775989
2.52859798829681,1.43419909198366
2.44027438225866,1.49859646706662
2.34999827038289,1.5581431152613
2.25813216507674,1.61260772463205
2.16504430866806,1.66178008239211
2.07110760716496,1.70547136189457
1.97669855716124,1.74351436776366
1.88219613500102,1.77576376947978
1.78798062034944,1.80209634734462
1.69443233185462,1.82241126670852
1.60193026011463,1.83663038731408
1.51085059202204,1.84469860532616
1.4215651300038,1.84658421680524
1.33443961894041,1.842279283705
1.24983200191523,1.83179997748684
1.16809063279285,1.81518687154624
1.08955247848418,1.79250515205658
1.01454134633585,1.76384471758786
0.94336617229019,1.72932014079586
0.876319403399979,1.68907047028655
0.813675504227007,1.64325885699492
0.755689611022737,1.59207199654651
0.702596350900513,1.53571938652436
