0.595180091984505,1.63958787910214
0.543179413416799,1.57306742933889
0.496930588634935,1.50146670854184
0.45661488887242,1.42508157384404
0.422387785998683,1.34422779462879
0.39437866360859,1.25923937656417
0.372690682370371,1.17046680311313
0.357400774481183,1.0782752265936
0.348559742923158,0.983042637636748
0.346192443704027,0.8851580374255
0.350298032962971,0.785019631904352
0.360850265231416,0.683033061748377
0.377797833770015,0.57960967673253
0.401064748318806,0.475164858629357
0.43055074944871,0.370116393149969
0.466131761755555,0.264882888866854
0.507660390283559,0.159882239530192
0.554966465814186,0.0555301256133676
0.607857645119004,-0.0477614488844104
0.666120072133177,-0.149585587624984
0.729519105475949,-0.249541903345909
0.797800117039935,-0.347237890682056
0.870689365669873,-0.442290270647521
0.947894949368097,-0.534326306354815
1.02910783903391,-0.622985089159345
1.11400299642058,-0.707918794277407
1.20224057865775,-0.788793904933342
1.29346723116824,-0.865292404101963
1.38731746991569,-0.93711293276655
1.48341515247638,-1.00397191316639
1.5813750353078,-1.06560463465929
1.68080441174321,-1.12176629853718
1.78130482173242,-1.17223301644966
1.88247382034736,-1.21680275513674
1.98390678785774,-1.25529621814644
2.08519876012978,-1.28755765337171
2.18594625464187,-1.31345557386305
2.28574906498985,-1.33288337873388
2.38421199578517,-1.34575986130173
2.48094651065676,-1.3520295930513
2.57557226884777,-1.35166317460723
2.66771853067734,-1.34465734858261
2.75702541875198,-1.33103497371352
2.84314502990297,-1.310844864765
2.9257424018599,-1.28416150787337
3.00449634796748,-1.25108466578173
3.07910018204477,-1.21173889132727
3.14926236297962,-1.16627297008312
3.21470709410097,-1.11485931386485
3.27517491515274,-1.05769332563932
3.33042332436812,-0.994992753147498
3.38022746451251,-0.926997043391692
3.42438089990308,-0.853966703357303
3.46269650167936,-0.776182664433623
3.49500744661772,-0.693945639610604
3.52116832140516,-0.607575454397463
3.54105631052943,-0.517410325307869
3.55457243290295,-0.423806054424001
3.56164278110814,-0.327135105622183
3.56221970872036,-0.227785527981834
3.5562829063303,-0.12615969495342
3.54384030618448,-0.0226728340222671
3.52492875900356,0.0822486694004205
3.49961443439265,0.188169198829388
3.46799290784887,0.294646056417978
3.43018891191002,0.401231814161108
3.38635574543188,0.507476832104755
3.33667435211714,0.612931897364443
3.28135209595999,0.717150928391905
3.22062127596295,0.819693682712105
3.15473743421231,0.920128403851906
3.08397751927733,1.01803434468864
3.00863797034841,1.11300410994417
2.92903278632144,1.20464576970778
2.84549163831774,1.29258470806853
2.75835807440457,1.37646518530948
2.66798785237546,1.45595160762219
2.57474742142855,1.53072951380706
2.47901255767285,1.60050630279876
2.38116714287297,1.66501173805355
2.28160206193965,1.72399827398743
2.18071418345672,1.77724125513635
2.07890537983771,1.82453904019039
1.97658154005403,1.86571310051662
1.87415152845885,1.90060813652913
1.77202604788273,1.92909224586979
1.67061637341103,1.951057165646
1.5703329343024,1.96641859790559
1.47158373440266,1.97511661416936
1.37477261506174,1.97711612223282
1.2802973778632,1.97240736754226
1.18854779638736,1.96100643302882
1.09990355586911,1.9429556959066
1.01473216631767,1.91832419789963
0.933386898049256,1.88720788667692
0.856204788540603,1.84972969069538
0.783504766223627,1.80603939669633
0.7155859307423,1.75631330810787
0.652726020917408,1.70075367279068
0.595180091984505,1.63958787910214
