0.796176064775199,1.44513275012738
0.751694299155097,1.38840481009492
0.71211318070815,1.32734105775384
0.677588578329217,1.2621923939129
0.648254828156009,1.19322645272563
0.624224374730318,1.12072630038773
0.605587532383335,1.04498906271358
0.592412354599986,0.966324500609957
0.584744598879608,0.885053551335294
0.582607775247799,0.801506851579148
0.586003267906062,0.716023256049826
0.594910521317504,0.628948362658136
0.609287284095697,0.540633052759812
0.629069906179732,0.45143205246382
0.654173686763031,0.361702518878429
0.684493272162363,0.271802653448001
0.719903104182993,0.182090343272196
0.760257920522946,0.0929218304863076
0.805393309375509,0.00465040936639164
0.855126320679502,-0.0823748492731309
0.909256136496991,-0.167810346690853
0.967564802838746,-0.251319177874142
1.02981802497128,-0.332572325951639
1.09576602786925,-0.411249828750686
1.16514448304094,-0.487041916591063
1.2376755024429,-0.559650120137891
1.31306869957979,-0.628788346873988
1.39102231710797,-0.69418392445766
1.47122441927549,-0.755578608863093
1.55335414629418,-0.812729554720899
1.63708302623396,-0.865410244666503
1.72207633827235,-0.913411373769738
1.80799451918324,-0.956541684296137
1.8944946029125,-0.994628745205182
1.98123168111178,-1.0275196700154
2.06786037076098,-1.05508176607007
2.15403627370028,-1.07720310793444
2.23941741220148,-1.09379302775017
2.32366562480194,-1.10478251594416
2.40644790761743,-1.11012452677707
2.48743768829364,-1.10979418481257
2.56631602261934,-1.10378889042631
2.64277270748821,-1.09212832483269
2.71650730815606,-1.07485435761716
2.78723010231331,-1.05203086221414
2.85466294803923,-1.02374344693757
2.91854008685173,-0.990099110826275
2.97860889644218,-0.951225834510065
3.03463060994799,-0.907272116379408
3.08638101949457,-0.858406463468659
3.13365118105394,-0.804816844635616
3.1762481353631,-0.746710110927069
3.21399565579397,-0.684311384638176
3.24673502887735,-0.617863414760886
3.27432586698827,-0.54762589259426
3.2966469459363,-0.473874717616511
3.31359705337853,-0.396901200662042
3.32509582762624,-0.317011189349297
3.331084561076,-0.234524099852179
3.33152693863398,-0.149771839698457
3.32640967949269,-0.0630976084028435
3.31574305070193,0.0251454336331667
3.29956122323476,0.114595632559364
3.27792244559938,0.204884443437286
3.25090901623693,0.29563815941525
3.21862704357187,0.386479752705929
3.18120599112337,0.477030805738587
3.13879801394079,0.56691350503171
3.09157710115835,0.655752665754753
3.03973804705736,0.743177752000918
2.98349527913047,0.828824856743542
2.92308157582627,0.912338606427345
2.85874670862917,0.993373958131027
2.79075604278408,1.07159786205633
2.7193891283767,1.14669076843587
2.64493830887098,1.21834796537569
2.56770736798264,1.28628074214065
2.48801022845181,1.35021738039068
2.40616970846396,1.40990398332101
2.32251633378364,1.46510515903248
2.2373871967116,1.51560457932627
2.15112484728532,1.56120543816648
2.06407619813426,1.6017308351124
1.97659142234772,1.63702410807149
1.88902282372574,1.66694913690139
1.80172366080331,1.69139063496838
1.71504690984611,1.71025444014412
1.62934395725967,1.72346781036366
1.54496321807135,1.73097972229293
1.46224868381829,1.73276116537849
1.38153840976284,1.72880541805206
1.30316295735004,1.71912828853631
1.22744381277522,1.70376829983861
1.1546918061016,1.6827867972939
1.08520555734065,1.65626795746045
1.01926997620161,1.62431867918735
0.95715484088685,1.58706834104754
0.899113478535893,1.5446684137602
0.845381565986064,1.49729192134188
0.796176064775199,1.44513275012738
