0.597935366609298,1.63692511673647
0.546037482018301,1.57053890688225
0.499879757817188,1.49908264437176
0.459643121459728,1.42285156405223
0.425482761464597,1.34216076832129
0.397527836944308,1.25734355692773
0.375881340904867,1.1687496743666
0.360620092390916,1.07674350672447
0.351794833371545,0.981702256644117
0.349430408716783,0.884014120660526
0.35352601126688,0.784076488019976
0.364055478357758,0.682294174740845
0.380967630751791,0.579077701571186
0.404186649298718,0.474841620019568
0.433612488471494,0.370002887045591
0.469121328954083,0.264979286431813
0.510566073593751,0.160187893332658
0.55777689227866,0.0560435779118591
0.610561821771059,-0.0470424558422862
0.668707426395668,-0.148664099326655
0.731979524965603,-0.248421738770383
0.800123988635466,-0.34592362608788
0.872867613678412,-0.440787221391519
0.949919072604256,-0.532640506746874
1.03096994660408,-0.621123270364329
1.11569584197751,-0.705888360276405
1.2037575928545,-0.786602906549824
1.29480255199587,-0.862949511083175
1.38846597055876,-0.934627403888132
1.48437246626874,-1.00135356430251
1.58213757732764,-1.06286380473678
1.68136939655803,-1.11891381327697
1.78167027680266,-1.16928014979804
1.88263859462921,-1.21376118830854
1.98387055521751,-1.25217799624529
2.08496201729689,-1.28437513961951
2.18551031358294,-1.31022140156002
2.28511603977635,-1.32961040117532
2.38338478423998,-1.34246109999028
2.47992877128613,-1.34871818465249
2.57436839377537,-1.34835231718979
2.66633361547805,-1.34136024775144
2.75546523021451,-1.32776478927157
2.84141597281668,-1.30761465852345
2.92385148590932,-1.28098419316303
3.00245115572219,-1.24797295910411
3.07690883885298,-1.20870526642678
3.14693350931909,-1.16332961453343
3.21224986062702,-1.11201808805831
3.27259890033144,-1.05496572386589
3.32773857422101,-0.9923898662693
3.37744445365672,-0.924529522480423
3.4215105127777,-0.851644723581469
3.45975001263337,-0.77401588847393
3.49199649741869,-0.691943179952658
3.51810489472742,-0.605745834001732
3.53795269810167,-0.515761436381217
3.55144119723499,-0.422345115301389
3.5584967100612,-0.325868616091302
3.55907176261212,-0.226719223722559
3.55314615774523,-0.125298502090112
3.54072787315484,-0.0220208250715633
3.52185373269957,0.0826883166874664
3.49658980287408,0.188394238106587
3.46503147775057,0.294655203222189
3.42730323013412,0.401024768683735
3.38355802298189,0.507054292922163
3.33397639212673,0.612295565108241
3.27876522774634,0.716303498740469
3.21815629658798,0.81863882854394
3.15240455858908,0.91887074688752
3.08178633934936,1.01657941742582
3.00659742333421,1.11135830912685
2.92715113149751,1.20281630292904
2.84377644134939,1.29057953536637
2.75681619786164,1.37429295775111
2.66662545081516,1.45362160487839
2.57356993930997,1.52825158259254
2.47802472839177,1.59789079780822
2.38037298736816,1.66226946667527
2.2810048856057,1.72114044565405
2.18031657047857,1.7742794357089
2.07870918450559,1.82148511130185
1.97658787508714,1.86257922336065
1.8743607508236,1.89740671920078
1.77243774300032,1.92583591307447
1.67122933897764,1.94775872941066
1.57114516517031,1.96309102786162
1.47259241007636,1.9717730060319
1.37597409134543,1.9737696632667
1.2816871840603,1.96907129806405
1.19012063921399,1.95769400332446
1.10165333092333,1.93968011831559
1.01665197757411,1.91509859420051
0.935469085454029,1.88404523127463
0.85844096339616,1.84664275043235
0.785885853705245,1.80304066836391
0.718102218601495,1.75341495490747
0.655367213219673,1.69796746107741
0.597935366609298,1.63692511673647
