0.735631372033676,1.50375130401776
0.688880421385579,1.44407378719527
0.647286156943215,1.37983638484405
0.611012163614905,1.3113034518372
0.580199237106941,1.23875701712373
0.554965037583675,1.16249537866972
0.535403873420624,1.08283162337733
0.521586599614279,1.0000920943548
0.513560615387332,0.91461482630491
0.51134994657409,0.826747967332668
0.514955400246164,0.736848202444408
0.524354781463749,0.645279190724729
0.539503164726356,0.552410024921993
0.560333215383308,0.458613719187952
0.586755558727785,0.364265728183175
0.618659196577951,0.269742498786339
0.655911972751832,0.175420054269918
0.698361089942654,0.0816726100001599
0.74583368112975,-0.0111287805937149
0.798137438890883,-0.102617550970436
0.855061305913148,-0.192432918221121
0.916376229733728,-0.280221152037956
0.981835984366865,-0.365636815871803
1.05117806104881,-0.448343979824526
1.12412462988041,-0.528017404482105
1.20038357364993,-0.604343694627646
1.27964959452533,-0.677022421540318
1.36160539354078,-0.745767212326798
1.44592292178465,-0.810306804378562
1.53226470085669,-0.870386062542113
1.62028520845829,-0.925766955893668
1.70963232292004,-0.976229490122838
1.7999488181155,-1.02157259049056
1.89087389768396,-1.0616149292161
1.98204475496837,-1.09619569008416
2.07309814279093,-1.12517526218936
2.16367193538955,-1.14843585420362
2.25340666377218,-1.16588202050562
2.34194700563356,-1.17744109106139
2.42894321198471,-1.18306349815623
2.51405245484975,-1.1827229949491
2.59694008376664,-1.17641676328117
2.67728078325509,-1.16416541107277
2.75475962863978,-1.14601286277973
2.82907304329526,-1.12202614948492
2.8999296660856,-1.09229510798706
2.96705114303934,-1.05693200042104
3.03017286165363,-1.01607106724108
3.08904464922453,-0.96986802661403
3.14343145789667,-0.918499532283831
3.19311405847858,-0.862162599764138
3.23788976238976,-0.80107400739105
3.27757318647067,-0.735469674536274
3.31199706904482,-0.665604014459778
3.34101313797923,-0.59174925427053
3.36449302308583,-0.514194709716068
3.38232919667429,-0.433245998501703
3.39443591808245,-0.349224172985941
3.40075015123975,-0.262464751778368
3.40123241935759,-0.173316630241772
3.39586755816493,-0.0821408522968487
3.38466532902673,0.0106907697841966
3.36766085591201,0.10479719492071
3.34491485541706,0.199789852084914
3.31651363659131,0.295274490238648
3.28256885665924,0.390853162570684
3.24321702923259,0.486126320045349
3.19861879251012,0.580694982005225
3.14895795547325,0.674162945828218
3.09444034943286,0.766138993903512
3.03529251977887,0.856239054802034
2.97176029788502,0.94408827664358
2.90410729546899,1.02932297428324
2.83261336316068,1.11159241784183
2.7575730516775,1.19056043789811
2.67929410814885,1.26590683180638
2.59809603227695,1.33732856545588
2.51430870781758,1.40454077464659
2.42827111506448,1.46727757941805
2.34033012040802,1.52529273248695
2.25083933036945,1.57836012888605
2.16015799044856,1.62627420756085
2.06864990418759,1.66885027685977
1.97668234538329,1.70592479453004
1.88462493650401,1.73735562918
1.79284846900621,1.76302232453819
1.70172364611387,1.78282638072481
1.61161973527089,1.7966915587472
1.52290312531913,1.80456420618488
1.43593579183503,1.80641359418734
1.35107368229772,1.80223224906169
1.26866504022079,1.7920362563712
1.18904869350669,1.77586551195921
1.11255233665459,1.75378389285631
1.0394908388084,1.72587932165439
0.970164609881707,1.69226370050906
0.904858055224056,1.65307269518585
0.84383814573741,1.60846535510443
0.787353125377162,1.55862356169103
0.735631372033676,1.50375130401776
