0.771410825732362,1.46911469264011
0.726000419833384,1.41118028568638
0.685595356622153,1.34881842551131
0.650354667257457,1.28228550777788
0.620415339004212,1.21185504463081
0.595891960716498,1.13781632181047
0.576876492535617,1.06047298301593
0.563438146317564,0.980141561852414
0.555623363144076,0.897149980388222
0.553455875062984,0.811836031257022
0.556936839742571,0.724545857631881
0.566045038772124,0.635632442531553
0.580737132649154,0.545454116048392
0.600947967831618,0.454373086423984
0.626590933405799,0.362753998605144
0.657558366782557,0.270962522090854
0.693722009298889,0.17936396857042
0.73493351363728,0.0883219390384818
0.781025005600935,-0.00180300030745323
0.831809703054671,-0.0906546141184506
0.887082594836698,-0.177882266426345
0.946621182248421,-0.263142161855721
1.01018628540983,-0.346098559336727
1.07752291637659,-0.426424957778151
1.14836122047101,-0.503805252844874
1.22241748676999,-0.577934863713103
1.29939522807918,-0.648521828422213
1.37898632994547,-0.715287866157496
1.46087226725644,-0.777969404431646
1.54472538569349,-0.836318568639593
1.63021024371881,-0.890104130815576
1.71698500889792,-0.939112413626243
1.80470290025084,-0.98314814472618
1.89301366609808,-1.02203525565482
1.98156508468199,-1.05561761856814
2.0700044728955,-1.08375971339734
2.15798018695402,-1.10634721763846
2.24514309801436,-1.12328751102035
2.33114802576377,-1.13451008786564
2.41565511400532,-1.13996687109803
2.49833113431635,-1.13963242355509
2.57885070692563,-1.13350405446886
2.6568974319187,-1.12160182154788
2.73216492851743,-1.1039684318464
2.80435778518288,-1.08066904731081
2.87319242828668,-1.05179100329794
2.93839792167634,-1.01744345021252
2.99971671321152,-0.977756929488017
3.0569053468948,-0.932882895262113
3.10973516025622,-0.882993192177565
3.15799298597641,-0.828279497762265
3.20148187427763,-0.768952734901813
3.24002184845283,-0.705242456204694
3.27345070026178,-0.637396197855893
3.30162482516448,-0.565678796210984
3.3244200899594,-0.490371656294612
3.34173271790624,-0.411771957939853
3.3534801694309,-0.330191782917489
3.35960199061616,-0.245957145374143
3.36006059739576,-0.159406908448662
3.35484196110335,-0.0708915721704755
3.34395616105068,0.0192280783702562
3.32743777221456,0.110582470226417
3.30534606081046,0.202794884280495
3.27776496724713,0.295483233233876
3.24480286425289,0.388261960181617
3.20659208726866,0.480744034818807
3.1632882438535,0.57254301793905
3.11506931815059,0.663275159857176
3.06213459473603,0.752561495136618
3.00470343282016,0.840029894822416
2.94301392631149,0.925317038418709
2.87732148737514,1.00807027108316
2.80789739069518,1.08794931675183
2.73502731275911,1.1646278248119
2.65900989539063,1.23779473603354
2.58015535590129,1.30715546218805
2.4987841581837,1.37243288250221
2.41522575048413,1.43336816821199
2.32981736715944,1.48972145341444
2.24290288410172,1.54127237570169
2.15483171129016,1.58782051335015
2.06595770155837,1.62918574694516
1.97663805244831,1.66520857222788
1.88723217807504,1.69575038780782
1.79810053018322,1.72069377649558
1.70960335179407,1.73994279280757
1.62209935262681,1.75342326219702
1.53594430232606,1.76108309034197
1.4514895448614,1.76289257393596
1.36908044469552,1.75884469840301
1.28905478188037,1.74895540323008
1.2117411186519,1.7332637924968
1.13745716397903,1.7118322668641
1.06650816464789,1.68474655379392
0.999185351742335,1.65211561500315
0.935764469884272,1.61407141386907
0.876504413523176,1.57076853036204
0.821645990228342,1.5223836166784
0.771410825732362,1.46911469264011
