0.831940652819717,1.41048820140086
0.788801083985736,1.35550248482998
0.750411048086071,1.29631326955623
0.716921833035969,1.23316354062591
0.688463925567742,1.16631246704656
0.665146647957068,1.096034158558
0.647057909327817,1.02261635370391
0.634264060933114,0.946359056447021
0.626809844481787,0.867573137671763
0.624718423023747,0.786578916369052
0.627991484973686,0.703704733294676
0.636609413358227,0.619285527643417
0.650531514126349,0.533661424982468
0.669696299184753,0.447176342512074
0.694021821552306,0.360176615802477
0.723406061550629,0.273009649582855
0.757727364183472,0.186022593971903
0.796844928770568,0.0995610467396004
0.840599352494917,0.0139677817383181
0.888813229828102,-0.0704184965234908
0.941291809866195,-0.153264372145298
0.997823713494963,-0.234242910734331
1.05818171205772,-0.313034825487537
1.1221235688578,-0.389329615728686
1.18939294440582,-0.462826676905116
1.25972036581348,-0.533236380789038
1.33282426011628,-0.600281124362546
1.40841205054071,-0.663696345566367
1.48618131377936,-0.723231503728442
1.56582099517125,-0.778651022033918
1.64701267729573,-0.829735188841035
1.72943189589871,-0.876281013996913
1.81274949533647,-0.918103035596892
1.89663301393972,-0.955034071919442
1.98074808799743,-0.986925912634943
2.06475986158938,-1.01364994292343
2.14833438842421,-1.0350976939392
2.23114001132455,-1.05118131321442
2.31284870518077,-1.06183394916333
2.39313737016141,-1.06701004486225
2.47168906376,-1.06668553772562
2.54819416283807,-1.06085796351348
2.62235145008466,-1.04954646518369
2.69386912306941,-1.0327917092923
2.76246572806948,-1.01065571476845
2.82787102480473,-0.983221600748635
2.88982679179575,-0.950593261557411
2.94808758494504,-0.912894977696507
3.0024214638409,-0.870270971724804
3.05261070096455,-0.822884917109125
3.09845248829619,-0.770919406503472
3.13975965372087,-0.714575383553393
3.17636139620132,-0.654071539380848
3.20810404409916,-0.589643671610231
3.23485183558291,-0.521544000428296
3.25648771414303,-0.450040433041463
3.27291412628565,-0.375415765320597
3.28405380296702,-0.297966807700455
3.28985050171855,-0.218003421772288
3.29026968310681,-0.135847454641812
3.28529909349463,-0.051831560093681
3.27494922622533,0.03370210112677
3.25925363541102,0.120403285178568
3.23826908038934,0.20791521106968
3.21207548439943,0.295876220714298
3.18077569776453,0.383921539070726
3.14449506339898,0.471685114533011
3.1033807902555,0.558801514661066
3.05760114784118,0.644907848351515
3.00734450162023,0.729645683004324
2.95281821451061,0.812662924359318
2.894247443392,0.893615627573036
2.83187386132437,0.972169710759249
2.76595433593112,1.04800254647305
2.6967595921852,1.12080441220274
2.62457288386332,1.19027978746798
2.54968869254515,1.25614849215545
2.47241146668412,1.31814666776373
2.39305440648082,1.37602760978843
2.31193829359523,1.42956246510382
2.22939035866302,1.47854081251105
2.14574317459996,1.52277114735089
2.06133356015145,1.56208129206827
1.97650147631397,1.5963187538509
1.89158889821943,1.62535104806053
1.80693864678575,1.64906600237093
1.72289316771113,1.66737205166152
1.63979324991953,1.68019852820037
1.55797668095639,1.68749594593334
1.47777684263337,1.68923627222837
1.39952125596218,1.68541317562023
1.32353008965458,1.67604223431074
1.25011465080989,1.66116108766142
1.17957587956274,1.64082951181876
1.11220287122837,1.6151294009712
1.04827144978566,1.5841646374729
0.988042815422079,1.54806083700121
0.93176228648103,1.50696495878074
0.879658152740734,1.46104477538806
0.831940652819717,1.41048820140086
