0.688829530791578,1.54903823629866
0.64032702413294,1.48708052357523
0.597179330894828,1.42038962275762
0.559555964478876,1.34924033847438
0.527602661438582,1.27392588629766
0.501441049546582,1.19475640238274
0.481168453829785,1.11205737530008
0.466857822281536,1.02616802535174
0.458557753159506,0.9374396546063
0.456292607220441,0.846233987850875
0.460062690630247,0.752921521006661
0.469844497279784,0.657879889651128
0.485591002488471,0.561492266474412
0.507232003273538,0.464145793051679
0.534674503244012,0.366230048443379
0.56780314256204,0.268135554960506
0.606480675200571,0.170252319984498
0.650548496897823,0.0729684119655259
0.699827227817379,-0.0233314314686492
0.754117354071005,-0.118267165124922
0.813199932079715,-0.21146476890824
0.876837359370051,-0.302557552253281
0.944774214939894,-0.391187430443541
1.01673817185591,-0.477006172437723
1.0924409842892,-0.559676619457463
1.17157955073158,-0.638873873343234
1.25383705459232,-0.714286453501445
1.33888418265381,-0.785617421062289
1.42638042085311,-0.852585468552869
1.5159754254563,-0.914925972881517
1.60731046584065,-0.972392008673352
1.70001993278961,-1.02475531798339
1.79373290350008,-1.07180723118293
1.88807475153941,-1.11335953246174
1.9826687869813,-1.14924526205416
2.07713790916311,-1.17931944615627
2.17110625224375,-1.20345974474233
2.26420080230626,-1.22156700729082
2.35605296441796,-1.23356572693732
2.44630005904124,-1.23940438487033
2.53458672959207,-1.23905567888785
2.6205662467615,-1.23251663285943
2.70390170030327,-1.21980858722668
2.78426707506802,-1.20097707437583
2.86134821472943,-1.17609158641939
2.93484368340145,-1.14524524628168
3.00446554163217,-1.10855439564183
3.0699400585132,-1.06615811492742
3.13100838533796,-1.01821769091747
3.18742721794533,-0.96491604645079
3.2389694743031,-0.90645714421318
3.28542501089997,-0.84306537270035
3.3266013962037,-0.774984917467344
3.36232475208827,-0.702479115049533
3.39244066520643,-0.625829780946452
3.41681516041661,-0.545336497333161
3.43533571831026,-0.46131584125912
3.44791230942647,-0.374100530536256
3.45447840967449,-0.284038462750534
3.45499195552114,-0.191491623174742
3.44943619420831,-0.0968348399734248
3.43782038402013,-0.000454369949199524
3.42018030256057,0.0972536950337027
3.39657852702258,0.195885202296968
3.36710445916975,0.295029885026661
3.33187407862845,0.394273463154898
3.29102942033711,0.493199870568379
3.24473778473339,0.591393572201682
3.19319070154052,0.6884419277774
3.13660267893047,0.783937554501691
3.07520977858041,0.877480639319144
3.00926806305732,0.96868115257865
2.93905196464039,1.05716091914162
2.86485262395608,1.14255550982775
2.78697624276026,1.2245159251841
2.70574248821953,1.30271005424588
2.62148297671555,1.37682390247192
2.53453985429431,1.44656259455619
2.44526447929596,1.51165116851106
2.35401620135861,1.5718351865263
2.26116122078345,1.62688119499411
2.16707150396226,1.67657707029518
2.07212372481329,1.72073228821808
1.97669819934185,1.7591781532146
1.88117778068443,1.7917680192885
1.78594668520658,1.81837752759013
1.69138922606281,1.83890487733234
1.59788843854899,1.8532711371595
1.50582459088917,1.86142059435671
1.41557358401763,1.86332113004354
1.32750525363886,1.85896460045205
1.24198159661747,1.84836719812319
1.15935495091633,1.83156976278523
1.07996616337413,1.80863801003309
1.00414278228988,1.779662646737
0.932197311968963,1.74475934520991
0.864425564191518,1.70406855322079
0.801105137283896,1.65775512348533
0.742494047549486,1.60600775373876
0.688829530791578,1.54903823629866
