0.76590686737593,1.47444370781478
0.720290160470836,1.41624116322465
0.679702070797516,1.35359079612299
0.644302331183408,1.28675022493564
0.614228516444146,1.21599427002955
0.589595689972669,1.14161360142663
0.570496175439085,1.06391331341051
0.556999439828048,0.9832114466645
0.549152073899097,0.899837477225755
0.546977856983564,0.81413078939709
0.550477894619506,0.726439147086199
0.559630819628732,0.637117175114927
0.574393049604131,0.546524859113046
0.59469909616475,0.455026069899904
0.620461923551696,0.362987115927775
0.651573356032583,0.270775325515617
0.687904535067766,0.17875765928103
0.729306428237481,0.0872993523641866
0.775610392555984,-0.00323741433347606
0.826628795065235,-0.0924948146958051
0.882155693587442,-0.180120650307428
0.941967580308132,-0.265769595973322
1.00582419053399,-0.349104417686751
1.07346937857335,-0.429797162519656
1.14463206224159,-0.507530319590326
1.21902723698615,-0.581997950992499
1.29635706001381,-0.652906791317938
1.37631200402704,-0.719977314122986
1.45857207916948,-0.782944763324393
1.54280812048941,-0.841560147013893
1.62868313662522,-0.895591190527529
1.71585371351127,-0.944823244796695
1.80397146475695,-0.989060145081058
1.89268451808095,-1.02812501421214
1.98163902494818,-1.06186100356487
2.07048067855978,-1.09013196424844
2.15885622380596,-1.11282304059876
2.24641494192668,-1.12984117808629
2.33281009262505,-1.14111553831771
2.41770029738395,-1.14659781496049
2.5007508498097,-1.14626244614984
2.58163494194308,-1.14010672117883
2.66003479951031,-1.12815078189289
2.73564272381064,-1.11043752201841
2.80816204303936,-1.08703239041837
2.87730798094617,-1.05802310672788
2.94280845540964,-1.02351929972204
3.00440482334796,-0.983652079876692
3.06185259099958,-0.938573557722449
3.11492210967996,-0.88845631866108
3.16339927644972,-0.833492862902676
3.20708625663981,-0.773895016184191
3.24580224094911,-0.709893313140254
3.27938424408519,-0.641736350901896
3.30768794502898,-0.569690106057102
3.33058856145429,-0.494037203922153
3.34798174319086,-0.415076125558634
3.35978446249036,-0.333120335515499
3.36593587283207,-0.248497312203596
3.36639810361932,-0.161547463350241
3.3611569557926,-0.0726229112405792
3.35022246339288,0.0179138636015389
3.33362928854775,0.109691526183427
3.31143692213124,0.202331537498221
3.28372966918675,0.295449943471274
3.25061640665419,0.38865928652134
3.21223011042266,0.481570616478894
3.16872715856637,0.573795571088463
3.12028642710093,0.664948491188466
3.06710820303077,0.75464853233932
3.00941294623006,0.842521733460631
2.94743993632337,0.928203004089491
2.88144584288713,1.01133799516293
2.81170325685236,1.09158482356619
2.73849921803021,1.16861562772385
2.66213376847704,1.24211793975971
2.58291855441352,1.31179586863513
2.50117549119387,1.37737109756574
2.41723549705801,1.43858370728443
2.33143729279207,1.49519284378456
2.24412625664743,1.54697725455888
2.15565331751976,1.59373572069414
2.06637386493579,1.63528741329979
1.9766466521397,1.67147220162161
1.88683266863488,1.70215093697392
1.79729396084876,1.7272057316255
1.7083923839015,1.74654024543783
1.62048827337138,1.76007998590849
1.53393903294329,1.76777261989812
1.44909764131516,1.76958828829351
1.36631108911644,1.76551990871344
1.28591876328763,1.75558344654299
1.20825080188714,1.73981813141004
1.13362644624884,1.71828659487848
1.06235241957366,1.69107490565983
0.994721361315116,1.65829248092643
0.931010345181107,1.62007185610216
0.871479505430005,1.57656830046606
0.816370791709777,1.5279592716118
0.76590686737593,1.47444370781478
