0.6530296359263,1.5836639789701
0.603188818048231,1.51996204546201
0.558854495588394,1.45139429565189
0.520200693934142,1.3782435586746
0.487376895965365,1.30081164419996
0.460507724213434,1.2194177835743
0.439692767139819,1.13439699119859
0.425006528810943,1.04609837387385
0.416498481658202,0.954883413383769
0.414193203812227,0.861124244051934
0.418090585340314,0.765201942818574
0.428166091202277,0.667504844949159
0.444371072477072,0.568426894197348
0.466633121041558,0.468366032414717
0.494856466113089,0.367722630456632
0.528922413697655,0.26689795990434
0.568689831911258,0.166292703633779
0.613995686355221,0.0663055025487222
0.664655630297492,-0.0326684642732899
0.720464654471089,-0.130238868375867
0.78119780100724,-0.22602159134085
0.846610945534871,-0.31964005574312
0.916441650935034,-0.410726527845941
0.990410095726778,-0.498923391675137
1.06822007960946,-0.583884393730265
1.149560108263,-0.665275857372868
1.23410455902572,-0.742777865804845
1.32151492840514,-0.816085412410499
1.41144116139199,-0.88490951696915
1.50352306111732,-0.948978305748488
1.59739177543215,-1.00803805269225
1.69267135448001,-1.06185417780042
1.78898037033624,-1.11021219740803
1.88593358645618,-1.15291861950484
1.98314366124234,-1.18980177566521
2.08022286681346,-1.22071257977628
2.17678480138294,-1.24552520278584
2.27244607188451,-1.26413765234749
2.36682792294178,-1.27647224669587
2.459557789214,-1.28247597344442
2.55027075070336,-1.28212072628507
2.63861087478073,-1.27540341570305
2.72423243432545,-1.26234595361914
2.80680099817136,-1.24299511605768
2.88599439755658,-1.21742229215921
2.96150357992597,-1.18572313171438
3.03303336860182,-1.14801710648412
3.10030315287453,-1.10444700251941
3.1630475373678,-1.05517836120381
3.22101698160382,-1.00039888562937
3.27397846018763,-0.940317826135113
3.32171617080254,-0.875165354499321
3.36403231133678,-0.805191930651255
3.40074793925528,-0.730667659270479
3.43170391631623,-0.651881626803567
3.45676193061919,-0.569141202856519
3.47580557660064,-0.482771284248019
3.48874146286978,-0.393113455833257
3.49550030859629,-0.300525040041516
3.49603798233261,-0.205378007283434
3.49033643332334,-0.108057722165095
3.47840446495527,-0.00896150577620165
3.46027830319879,0.0915029980388838
3.43602191956802,0.192919655011081
3.40572707788207,0.29486586321374
3.36951308628758,0.396914746874828
3.32752624973935,0.498637490967642
3.27993903243035,0.599605776635979
3.22694895345219,0.699394269808908
3.16877725122162,0.797583110287252
3.10566736200677,0.893760346602345
3.03788326450135,0.987524263292146
2.96570774534554,1.07848555189032
2.88944063959362,1.16626928460374
2.80939709549647,1.25051665984739
2.7259059050187,1.33088650079692
2.63930793091819,1.40705650104913
2.54995464885916,1.47872422441309
2.45820680991563,1.54560787785425
2.3644332160015,1.60744688681836
2.26900958924769,1.66400230985406
2.17231750701979,1.71505713411394
2.07474336782193,1.76041649466783
1.97667735020547,1.7999078585902
1.87851232715565,1.8333812097274
1.78064270214245,1.86070926238532
1.68346313969933,1.88178772256938
1.58736717241566,1.89653560465922
1.49274567680255,1.90489560037579
1.39998522172961,1.90683448646242
1.30946630411845,1.90234354843931
1.22156149646333,1.89143899075635
1.13663353879641,1.87416229912826
1.05503341337458,1.85058051904204
0.97709844330168,1.82078641540632
0.903150456416912,1.78489848187156
0.833494053210749,1.74306077410413
0.76841501261632,1.69544254870818
0.70817886277619,1.64223769791991
0.6530296359263,1.5836639789701
