0.721867695741752,1.51707182584975
0.674601409672779,1.45672374900384
0.632550056585708,1.39176483023144
0.5958789682556,1.3224624928644
0.564730398331115,1.24910205011574
0.539223179780306,1.17198527541584
0.519452514724271,1.09142889688339
0.505489880419572,1.00776303913228
0.497383035185561,0.921329633884578
0.495156109227505,0.832480818235475
0.498809767323439,0.741577336212744
0.508321432925737,0.648986955814733
0.523645566074489,0.555082910297048
0.544713990349572,0.460242369362419
0.571436266670212,0.364844943277973
0.603700113917684,0.269271220911647
0.641371878013772,0.173901341281046
0.684297052210348,0.0791135974115267
0.732300851970975,-0.0147169289811463
0.785188848035539,-0.107219703356857
0.842747661160681,-0.198030045772778
0.904745721732779,-0.286790410377988
0.970934097051388,-0.373151636995668
1.04104738864299,-0.45677417436552
1.11480470151087,-0.537329274270968
1.19191068673733,-0.614500155512566
1.27205665827306,-0.687983136467813
1.35492178399328,-0.757488734731662
1.44017435008159,-0.822742731987317
1.52747309644265,-0.88348720174813
1.61646861909761,-0.939481496897389
1.70680483338342,-0.990503193029328
1.79812048932279,-1.03634898250135
1.89005072788251,-1.07683551292933
1.98222866418354,-1.11180016271899
2.07428698130295,-1.14110174527914
2.16585951638005,-1.16462113296912
2.25658281957236,-1.18226179174567
2.34609766623566,-1.19395021801469
2.43405050370484,-1.1996362704311
2.52009481631497,-1.19929339132706
2.60389239580984,-1.19291871501345
2.68511450889884,-1.18053306323898
2.76344295918946,-1.16218083138584
2.83857104667788,-1.13792977225322
2.91020443398073,-1.10787068722486
2.97806193404364,-1.07211703692419
3.04187623866622,-1.03080448485148
3.10139461037804,-0.98409038775295
3.15637956160815,-0.932153245462404
3.2066095444588,-0.875192120660076
3.25187967162552,-0.813426035512535
3.29200248417857,-0.747093347712819
3.32680877529195,-0.676451103364747
3.35614847100186,-0.601774358869201
3.37989156026057,-0.523355458948545
3.39792905758969,-0.441503253678705
3.41017397323862,-0.356542234348482
3.41656225862024,-0.268811566522254
3.41705368955454,-0.178663999123046
3.41163264700328,-0.0864646308128282
3.40030875485404,0.0074104806027683
3.38311733702978,0.102575873775774
3.36011966166045,0.198638404779162
3.3314029479325,0.295199125179472
3.29708012100954,0.39185530002483
3.25728931140969,0.488202539937143
3.21219310664354,0.583837013865033
3.16197757392491,0.678357703016422
3.10685108255515,0.771368652553114
3.04704296242713,0.86248117615309
2.9828020404262,0.951315969707808
2.91439509894535,1.03750509420033
2.84210530013268,1.12069379398314
2.76623061594244,1.20054212483308
2.6870822978897,1.27672637573861
2.60498341213942,1.34894027869556
2.52026745588123,1.41689601111198
2.43327706063943,1.48032500501642
2.34436277806909,1.53897858544578
2.25388193468756,1.59262846659295
2.16219753458328,1.64106713811172
2.06967718397715,1.68410817518355
1.97669200893875,1.72158650453158
1.88361553771631,1.75335865470453
1.79082252193606,1.77930301301621
1.69868767606674,1.79932010403523
1.60758432154839,1.81333289609974
1.51788293023871,1.82128713366538
1.42994957064227,1.82315168505794
1.3441442690441,1.81891888801893
1.2608193054971,1.8086048698192
1.18031747103226,1.7922498150495
1.10297031703167,1.76991815268556
1.02909643015147,1.74169863470112
0.958999766416999,1.70770428122537
0.892968076223401,1.6680721717197
0.83127144821813,1.62296306746925
0.774160994801796,1.57256085735372
0.721867695741752,1.51707182584975
