0.600690587551695,1.63426232628343
0.548895502576844,1.5680103539218
0.502828885581178,1.49669854663412
0.462671320108875,1.42062151717671
0.428577711139125,1.34009370119009
0.400676993073345,1.25544769274645
0.379071991005922,1.16703249761175
0.363839410577197,1.0752117358604
0.35502993250499,0.980361822334396
0.352668390309746,0.882870149068437
0.356754013356344,0.78313328871402
0.367260721649573,0.681555232691303
0.38413746336055,0.578545672737294
0.407308590397225,0.474518330074456
0.436674271121097,0.369889332856861
0.472110942323702,0.265075639997953
0.513471804701742,0.160493507958728
0.560587367317202,0.0565569964831646
0.613266047004764,-0.0463234905687479
0.671294828569397,-0.147742632449524
0.7344399911125,-0.247301589000581
0.802447905143915,-0.3446093695343
0.875045904452657,-0.43928417337559
0.951943236132983,-0.530954701651372
1.03283209172942,-0.61926143952739
1.11738872212936,-0.703857907942635
1.20527463847911,-0.784411883883739
1.29613790086348,-0.860606588235113
1.38961449558485,-0.932141840080726
1.48532980043302,-0.99873517588044
1.58290013523136,-1.0601229310993
1.68193439213319,-1.11606128059763
1.7820357366849,-1.16632723243606
1.88280336673827,-1.21071956783553
1.9838343121611,-1.24905971805432
2.08472525432812,-1.28119256715034
2.18507434099603,-1.30698716826261
2.28448296981434,-1.32633736043827
2.38255751279985,-1.33916227337235
2.4789109549257,-1.34540670886356
2.57316442273577,-1.34504139036041
2.66494858361435,-1.33806307559574
2.75390490285759,-1.32449453177633
2.83968675365464,-1.30438437777884
2.92196038396476,-1.27780680288468
3.00040575340583,-1.24486117628187
3.07471726189581,-1.20567156537975
3.14460439913209,-1.16038618346383
3.20979234932536,-1.10917678799388
3.27002258831103,-1.05223804967972
3.32505350981593,-0.98978690928728
3.37466111406608,-0.922061934048805
3.41863978516003,-0.849322678887637
3.45680317405251,-0.771849049905348
3.48898519221055,-0.68994065934962
3.51504110785685,-0.603916153309536
3.53484872319947,-0.514112486430493
3.54830959824353,-0.420884112727725
3.55535027575984,-0.324602058727299
3.55592345371794,-0.225652845132185
3.5500090467605,-0.12443722623896
3.53761507762445,-0.0213687224090134
3.51877834301169,0.0831280702437234
3.493564806148,0.188619397669078
3.46206967967387,0.294664485282883
3.42441717681015,0.400817873778236
3.38075992491047,0.506631919283327
3.33127805235888,0.61165941229715
3.27617797603289,0.715456260640763
3.21569093099679,0.817584175561813
3.15007129562346,0.917613297682726
3.07959477309341,1.01512470097413
3.00455649361944,1.10971271834698
2.92526910056896,1.20098704146487
2.84206087804912,1.28857455937212
2.75527396797705,1.372120914663
2.66526271198681,1.45129177116235
2.57239213877576,1.52577380233298
2.47703660186871,1.59527542375819
2.37957855753364,1.65952730504294
2.28040745892192,1.71828270548131
2.17991873148116,1.77131768323735
2.07851278711762,1.81843122925477
1.97659403098611,1.85944537463217
1.87456981534305,1.89420531406658
1.77284929945394,1.92257957875031
1.67184218262021,1.94446028060299
1.57195728823309,1.95976343689122
1.47360098941991,1.96842937116528
1.37717548025556,1.97042317405461
1.28307690957812,1.9657351967439
1.19169340615393,1.95438154167066
1.10340303341575,1.93640450969095
1.01857171859895,1.91187296094305
0.937551204440333,1.88088254791752
0.860677071579408,1.8435557835738
0.788266876588744,1.80004191425728
0.720618444583269,1.75051657601357
0.658008347239539,1.69518122290398
0.600690587551695,1.63426232628343
