0.66679988208135,1.57034694448253
0.617473685379503,1.50731591897313
0.57359562667092,1.43947009912118
0.535337998262273,1.36708922416849
0.502848845530764,1.29047179417997
0.476251643333422,1.20993353787853
0.455645114157597,1.1258058014488
0.441103168251555,1.0384338850806
0.432674946300013,0.948175351723207
0.430384946866062,0.855398329187079
0.43423322348015,0.760479822751695
0.44419563954631,0.663804051215347
0.460224172780391,0.565760815220198
0.482247264352728,0.466743903007019
0.51017021100065,0.367149535717696
0.543875600909987,0.267374852093689
0.58322379603727,0.167816430943746
0.628053464742775,0.0688688490182486
0.67818216919271,-0.0290767281919197
0.733407012085115,-0.125633924881875
0.793505347006405,-0.220422504130984
0.858235556283218,-0.313069688714712
0.927337899683567,-0.403211453704787
1.0005354368249,-0.490493790493382
1.07753502569291,-0.574573941501685
1.15802839923393,-0.655121604602344
1.24169332147628,-0.731820106134273
1.32819482394684,-0.80436754122178
1.41718652215137,-0.872477879822605
1.50831201046659,-0.935882036426546
1.60120633187279,-0.994328900544806
1.69549751652375,-1.04758632405434
1.79080818026878,-1.09544206013313
1.88675717105582,-1.13770464704216
1.98296124788093,-1.1742042285322
2.07903677389744,-1.20479330136848
2.1746014027875,-1.22934737958332
2.2692757358638,-1.24776556478264
2.36268492691297,-1.25997101230899
2.45446021274823,-1.26591128440153
2.54424034993491,-1.26555858370732
2.63167294218621,-1.25890986351223
2.71641564834844,-1.24598681469572
2.798137267408,-1.22683573340796
2.87651870412525,-1.20152727748278
2.95125382619586,-1.17015612325826
3.02205023065793,-1.1328405373943
3.08862994298755,-1.08972188010044
3.15073007638614,-1.04096405663844
3.20810348068563,-0.986752932869759
3.26051940975974,-0.927295727937691
3.30776423319566,-0.862820393017612
3.3496422123289,-0.793574979695807
3.38597635287368,-0.719826995345276
3.41660933679658,-0.641862736363327
3.44140452546073,-0.559986583899606
3.46024701521491,-0.47452024133552
3.47304471637945,-0.385801888846473
3.47972941784192,-0.294185228371521
3.48025779298995,-0.200038392581323
3.474612299093,-0.103742694151729
3.46280192190742,-0.00569119679516973
3.44486272037674,0.0937129031539174
3.42085813271627,0.194058086687681
3.39087901452591,0.29492650540606
3.35504339123793,0.395896139191791
3.3134959203552,0.496543088951308
3.26640707261203,0.596443965856499
3.21397205438271,0.695178331180307
3.15640950538763,0.792331135991951
3.09396001512601,0.887495108106388
3.02688450780325,0.980273034989523
2.95546254836292,1.07027989578547
2.87999062139961,1.15714480298966
2.80078043033199,1.24051272404879
2.71815725664946,1.32004596464272
2.63245840895504,1.395425407773
2.54403177974637,1.46635151515611
2.45323451536759,1.5325451089029
2.36043179232979,1.59374796123639
2.26599568219973,1.6497232273739
2.17030407834143,1.70025576118065
2.07373965162071,1.74515235452574
1.97668879917247,1.78424193942024
1.87954055063962,1.81737578721936
1.78268539980585,1.84442773187787
1.68651403588833,1.8652944350961
1.59141595734217,1.87989570094522
1.49777796110189,1.88817483704284
1.40598251090037,1.89009904938543
1.31640599879263,1.88565984928484
1.22941692345532,1.87487344412439
1.14537401653212,1.85778107929477
1.06462435372339,1.83444929693352
0.987501490153962,1.80497007800302
0.914323659699086,1.76946083761866
0.845392075529351,1.72806424901597
0.78098936447445,1.68094787861316
0.721378161384624,1.62830362267622
0.666799882081351,1.57034694448253
