0.743888950999557,1.49575865693537
0.69744727051758,1.43648344100693
0.656127338339446,1.37267890768199
0.620091690014953,1.30460757270875
0.589480244635448,1.23254949679026
0.564409956396552,1.15680089510101
0.544974594885924,1.07767267229576
0.531244639127136,0.995488904899038
0.523267270351963,0.910585291429648
0.521066449457114,0.823307588239653
0.524643066895153,0.734010046119125
0.533975155083248,0.643053859533441
0.549018156010543,0.550805637195896
0.569705239327832,0.457635899769967
0.595947668597422,0.363917608018339
0.627635215409423,0.270024722777434
0.664636622641619,0.176330796775036
0.706800119225926,0.0832075975002004
0.753953989413423,-0.00897623999555421
0.805907199771718,-0.0998565314468422
0.862450087096126,-0.189074833666579
0.923355110167183,-0.276279707159688
0.988377667925737,-0.361127950991553
1.05725698622018,-0.443285809439075
1.12971707482972,-0.522430149617795
1.20546775596689,-0.598249609009963
1.28420576486307,-0.670445711579198
1.36561592227189,-0.738733950890961
1.4493723777101,-0.802844838300592
1.53513992092794,-0.862524913766668
1.62257535742486,-0.917537716163144
1.71132894180844,-0.96766470909833
1.80104586049836,-1.01270615724103
1.89136775282245,-1.05248194708295
1.9819342571148,-1.08683234504608
2.07238456622336,-1.11561868501176
2.16235897510913,-1.13872397685236
2.2515004022097,-1.15605342752188
2.33945586616117,-1.16753486681765
2.42587790047879,-1.1731190711192
2.51042589096534,-1.17277998024332
2.5927673239249,-1.16651480495252
2.67257893757576,-1.15434402547867
2.74954777414097,-1.13631128446663
2.82337213561146,-1.11248318075228
2.89376245171254,-1.08294897308227
2.96044207370712,-1.04782020497823
3.0231480118765,-1.00723026319111
3.08163163741247,-0.961333882384705
3.13565937068695,-0.910306607716445
3.18501337720995,-0.854344224832499
3.22949228995979,-0.793662163561252
3.26891197224704,-0.728494877481291
3.30310632909875,-0.659095196866816
3.33192816771856,-0.585733647663068
3.35525009941355,-0.508697724555294
3.37296546709756,-0.428291102317791
3.38498927473671,-0.344832766888293
3.39125908854279,-0.258656046363441
3.3917358749215,-0.170107522605702
3.38640473760563,-0.0795458065110018
3.37527551634853,0.0126598358210412
3.35838321212903,0.106131012932937
3.33578820892933,0.200481893638743
3.30757626949168,0.29532104020407
3.27385829155455,0.390253372549991
3.23476982128334,0.4848822389742
3.1904703312137,0.578811561826574
3.14114228024693,0.671648021005337
3.08698998232697,0.763003234520763
3.02823831772137,0.852495894035128
2.96513132579544,0.939753814393363
2.89793072046218,1.02441585968707
2.82691436897412,1.1061337141385
2.75237477147982,1.18457347367139
2.67461757309548,1.25941704292943
2.59396013262631,1.33036333208371
2.51073016314692,1.39712925735663
2.42526445014068,1.45945055810073
2.33790764356896,1.51708245087858
2.2490111118219,1.56980014677057
2.15893183864062,1.61739926171221
2.06803133930011,1.65969615082481
1.97667456993151,1.69652819643557
1.88522880396931,1.72775407595395
1.79406245225461,1.75325403031896
1.70354380803764,1.77293014683618
1.61403970456217,1.78670666246096
1.52591408051796,1.79453028558312
1.43952645677663,1.79637052675575
1.35523033582412,1.79222002216088
1.27337154254766,1.78209482839912
1.19428653099061,1.76603466377713
1.11830068594485,1.74410306984252
1.04572665055132,1.71638746751333
0.97686271133813,1.68299908464304
0.911991270419967,1.64407273598574
0.851377431143215,1.59976644190173
0.795267718640946,1.5502608783173
0.743888950999557,1.49575865693537
