0.851194877872888,1.39183150633788
0.808778436567688,1.33778368319248
0.771030212538881,1.27960358162287
0.738099020792299,1.2175299343726
0.710113265885665,1.15181736424302
0.687180577102399,1.08273517120573
0.66938755522429,1.01056605214608
0.656799621116125,0.935604769584733
0.649460955967109,0.858156784935531
0.647394523387457,0.778536870456517
0.650602164496425,0.697067712216197
0.659064758494866,0.614078514321115
0.672742442815641,0.529903612515069
0.691574888620953,0.444881103225707
0.715481629021506,0.359351492326021
0.744362438815171,0.273656366381307
0.778097765708047,0.188137088008273
0.816549213852556,0.103133516184241
0.859560081114472,0.0189827518796878
0.906955951789461,-0.0639820908075818
0.958545346572767,-0.14543308783048
1.0141204314918,-0.225048682354229
1.07345778728509,-0.302514835355556
1.1363192403842,-0.377526148866024
1.20245275624223,-0.449786960813344
1.27159339524864,-0.519012410162041
1.34346433085564,-0.584929470790908
1.41777792878427,-0.647277952246921
1.49423688524878,-0.705811465157402
1.5725354210112,-0.760298348643414
1.65236052675205,-0.810522556548952
1.73339325373931,-0.856284498693097
1.81531004215358,-0.897401832698131
1.89778407777083,-0.933710201300451
1.98048666613542,-0.965063909485718
2.0630886120169,-0.991336535389675
2.1452615909853,-1.01242146875769
2.22667949950731,-1.02823237093618
2.3070197701821,-1.03870355093369
2.38596463968424,-1.04379025306289
2.46320235869096,-1.04346885304215
2.53842833550728,-1.03773696113894
2.61134620815859,-1.02661343287456
2.68166884322578,-1.01013828984288
2.74911926341837,-0.988372555156323
2.81343150954187,-0.961398009741535
2.8743514458174,-0.929316876986743
2.93163752015804,-0.892251443938503
2.98506149272924,-0.850343627241735
3.03440914670921,-0.803754491253177
3.07948099448461,-0.752663724240742
3.12009299053153,-0.697269076387165
3.15607725900868,-0.637785760594567
3.18728283980741,-0.574445814048465
3.21357645173487,-0.507497415405375
3.23484326600928,-0.437204149606007
3.2509876777327,-0.363844209978694
3.26193405791069,-0.287709525756279
3.26762746433589,-0.209104802607566
3.26803428661956,-0.128346464434722
3.26314279913869,-0.0457614865752388
3.25296359585547,0.0383138863633148
3.2375298829218,0.123535540652723
3.21689760863147,0.20955300920757
3.19114541541762,0.296011095087876
3.16037440488668,0.382551589217677
3.12470771390667,0.46881506340868
3.0842899070412,0.554442715055096
3.03928619762627,0.639078236176692
2.98988151602728,0.722369677136578
2.93627944864704,0.803971274560918
2.87870107472911,0.883545213841401
2.81738372968598,0.960763299087623
2.75257972348354,1.03530850737261
2.68455504058733,1.10687640932423
2.61358804431586,1.17517644420718
2.53996820347112,1.23993304419553
2.46399485324322,1.30088660909979
2.38597599609538,1.35779433893075
2.3062271421307,1.41043093693531
2.22507018281008,1.45858919977719
2.14283228726189,1.50208051410152
2.05984480713799,1.54073527967608
1.9764421742534,1.57440327862686
1.89296077518979,1.60295400808775
1.80973778860637,1.62627699008404
1.72710997401325,1.64428206797984
1.64541240494221,1.65689969372211
1.56497714443282,1.66408120482222
1.48613186611992,1.66579908494992
1.40919842953002,1.66204719755681
1.334491423055,1.65284097842475
1.26231669211253,1.63821757068812
1.19296987294222,1.6182358848489
1.12673495414471,1.59297656662426
1.06388288837461,1.56254185706658
1.00467027558429,1.52705533211002
0.949338137021775,1.48666151228653
0.898110796031573,1.44152533752046
0.851194877872888,1.39183150633788
