0.699843091924126,1.53838321226574
0.651752567260824,1.47696208992111
0.608970215189393,1.41084856974543
0.571664156972547,1.34031499322589
0.539978970775149,1.26565193860961
0.514035355944281,1.1871667510386
0.493929933386146,1.10518199551106
0.479735164452984,1.02003385724755
0.471499370894641,0.932070512095797
0.469246839771677,0.841650486714788
0.4729779994859,0.749141024781148
0.48266965593498,0.65491647171041
0.498275280909919,0.559356686707768
0.519725347924378,0.4628454876298
0.546927713443937,0.365769131349985
0.579768043793487,0.26851483019358
0.618110289764205,0.171469303575264
0.661797212097768,0.0750173631950773
0.710650961641266,-0.020459470075721
0.764473718137163,-0.114584319295145
0.823048391460949,-0.206986275759351
0.886139388769693,-0.297301695171921
0.953493450584393,-0.385175465760458
1.02484055836851,-0.470262247947567
1.09989491570946,-0.552227684822922
1.17835600473603,-0.630749582409532
1.2599097188475,-0.705519058519537
1.34422957209549,-0.776241658775569
1.43097798454433,-0.842638438047364
1.51980764154759,-0.904447005043508
1.6103629230611,-0.961422527055912
1.70228139686271,-1.0133386908714
1.7951953669289,-1.05998861468109
1.88873346536364,-1.10118570452553
1.98252227338847,-1.13676444754672
2.07618795424178,-1.16658113324466
2.169357878688,-1.19051449323509
2.26166222249651,-1.2084662498463
2.35273551497501,-1.22036156441256
2.44221811863193,-1.22614937740062
2.52975762239959,-1.22580263455168
2.61501013456274,-1.21931839595891
2.69764146646355,-1.20671782826894
2.77732820392201,-1.18804608375706
2.85375866973243,-1.16337207358062
2.92663378709149,-1.13278814573048
2.99566785984705,-1.09640968073698
3.06058929048636,-1.05437461974041
3.12114126030361,-1.00684293986207
3.17708239778748,-0.953996090766646
3.22818746066812,-0.896036403860714
3.27424805415076,-0.833186481830946
3.31507340271665,-0.765688571424825
3.35049118576563,-0.693803916874307
3.3803484387639,-0.617812085612363
3.40451251205409,-0.538010252448473
3.42287206979932,-0.45471242368449
3.43533810243901,-0.368248579269703
3.44184491828796,-0.278963709439133
3.44235107419598,-0.187216722657306
3.43684020204659,-0.0933792042516475
3.42532168767014,0.00216599016095669
3.40783116161228,0.0990263156844857
3.38443076702736,0.196801294593297
3.3552091784116,0.295084439970665
3.32028135539079,0.393465328657606
3.27978802759508,0.491531796338736
3.23389491893603,0.588872219346937
3.18279173144499,0.685077841233454
3.12669091936141,0.779745097874543
3.06582629259158,0.87247789325991
3.00045149437566,0.962889779326949
2.93083840059502,1.0506059972472
2.85727548746409,1.13526534419865
2.78006621048036,1.21652183842831
2.69952743080262,1.29404616571341
2.61598791626334,1.36752690143443
2.52978693373903,1.43667151358197
2.44127293845745,1.50120716233653
2.35080235490525,1.56088132065031
2.25873843417257,1.61546224691329
2.16545016458641,1.66473934485739
2.0713112069307,1.7085234471067
1.97669882280892,1.7466470571983
1.88199276491733,1.77896458067997
1.78757410106478,1.8053525694369
1.69382394937284,1.82570999527484
1.60112210969574,1.83995855966826
1.50984558524769,1.84804303720831
1.42036699796343,1.84993164138701
1.33305291047413,1.84561639360536
1.24826207602662,1.83511347025054
1.16634364458521,1.81846349875481
1.08763535825603,1.79573177194901
1.01246177177307,1.76700835078619
0.94113253398955,1.73240802848129
0.873940764230647,1.69207013397058
0.811161553263866,1.64615815889039
0.753050612955179,1.59485919947108
0.699843091924126,1.53838321226574
