0.677815128080568,1.55969281380879
0.628900730786688,1.49719846647969
0.585387801988511,1.42993013229298
0.547447245446771,1.35816508178169
0.515225953466968,1.28219917110861
0.488846479007868,1.20234533094084
0.468406847639433,1.11893197689726
0.453980490334732,1.03230136759179
0.445616278341374,0.942807934118722
0.443338642925159,0.850816601644107
0.447147765299363,0.756701119954957
0.457019825191167,0.6608424157571
0.472907299892588,0.563626975555657
0.494739308968133,0.465445264390939
0.522422002777259,0.366690182750249
0.555838995427814,0.267755561753658
0.594851844606109,0.16903469525008
0.639300581914853,0.0709189067080779
0.68900429794937,-0.0262038513710284
0.743761786465906,-0.121950367507273
0.803352251782379,-0.215943512201626
0.867536083142402,-0.30781355058149
0.936055699287303,-0.397199426880589
1.00863646599676,-0.483750020382775
1.08498768890368,-0.567125372088357
1.16480368343572,-0.64699788112202
1.24776492320988,-0.723053469733028
1.33353926750028,-0.794992715552582
1.42178326739373,-0.862531949471138
1.51214354883656,-0.925404316992106
1.6042582688906,-0.983360800149431
1.69775863914527,-1.03617119603195
1.79227050744008,-1.0836250466785
1.88741598597949,-1.1255325136924
1.98281511078789,-1.16172518951871
2.07808751453578,-1.19205683611691
2.17285409238358,-1.21640404094157
2.26673863895668,-1.23466677990399
2.35936943417361,-1.24676887748064
2.45038075661817,-1.25265835545264
2.5394143055969,-1.25230766391798
2.6261205169481,-1.24571379113768
2.71015976292182,-1.23289825228724
2.79120343274253,-1.21390696103027
2.86893489738141,-1.18880999168737
2.94305036908571,-1.15770124327931
3.01325967276052,-1.12069801950869
3.07928695178307,-1.07794054047442
3.14087133470364,-1.02959140232028
3.19776759109825,-0.975834999940014
3.24974680427651,-0.916876925260372
3.29659708548905,-0.852943349608975
3.33812434879917,-0.784280393496778
3.37415315817414,-0.711153481189466
3.40452764910018,-0.633846671197306
3.42911251678716,-0.552661947835728
3.44779405257616,-0.467918453876541
3.4604812003287,-0.379951640569175
3.46710659617847,-0.289112309426626
3.4676275488064,-0.195765520476944
3.46202691394903,-0.100289344345824
3.45031381655948,-0.00307344053597675
3.43252417705932,0.095482548618598
3.40872100433578,0.194970790033496
3.37899442718187,0.294977229765995
3.34346144714156,0.39508372213726
3.30226540841432,0.494870289490171
3.25557519367205,0.593917475091909
3.20358416737171,0.691808744625685
3.14650889946126,0.788132887078705
3.08458771143148,0.882486364046987
3.01807909279153,0.97447555775487
2.94726003880347,1.06371887240742
2.87242435952784,1.1498486506013
2.79388100601597,1.23251287593871
2.71195245221576,1.311376644062
2.62697316145322,1.38612339626235
2.53928815501782,1.45645592175565
2.44925168833861,1.52209714580216
2.35722602845601,1.58279073028131
2.26358031589795,1.63830152045944
2.16868948547253,1.68841587602982
2.07293321452788,1.73294192580439
1.97669486430998,1.77170978367817
1.88036038032515,1.80457175888866
1.78431712097262,1.83140258658822
1.6889525898,1.85209969594817
1.59465305498293,1.86658352315305
1.50180204931684,1.87479786651762
1.41077875431961,1.87671027136116
1.32195628214301,1.87231242392546
1.235699878092,1.86162052712779
1.15236507398067,1.84467562672841
1.07229582780152,1.82154385480212
0.995822687940446,1.79231655826243
0.923261020337136,1.75711028342298
0.854909334686528,1.71606659284527
0.791047741309662,1.66935169752325
0.731936564153797,1.61715589521319
0.677815128080568,1.55969281380879
