0.798927498262784,1.44246795112301
0.754548943795143,1.38587404738588
0.715059407650818,1.32495451161929
0.68061440689011,1.25995963484678
0.651347982370508,1.19115639900868
0.6273723394924,1.11882718020894
0.608777608729556,1.04326838102461
0.595631713831797,0.964789010754477
0.587980335341833,0.883709231372101
0.585846957689758,0.800358885120175
0.589232989438578,0.71507601736394
0.598117948040902,0.628205405749988
0.612459702510249,0.54009710411756
0.63219476950268,0.451105007176515
0.657238660268789,0.361585439847965
0.687486277639442,0.271895773455971
0.722812363567681,0.182393069703102
0.763071998730788,0.0934327525501869
0.808101156311158,0.00536730770222696
0.857717312366742,-0.0814549906995491
0.911720115235379,-0.166691326455719
0.969892116261814,-0.25000556077393
1.03199956385326,-0.331069424521309
1.09779326250153,-0.40956368264382
1.16700949797471,-0.48517926983767
1.23937102936978,-0.557618396289798
1.31458814809686,-0.626595622041365
1.39235980308924,-0.69183889823306
1.47237479054919,-0.753090573122317
1.5543130053079,-0.810108360284621
1.63784674938174,-0.862666265805244
1.72264209156247,-0.910555470540041
1.80836026994784,-0.953585162710131
1.89465912730266,-0.991583315260872
1.98119456718641,-1.02439740165184
2.06762201706495,-1.05189504315933
2.1535978833331,-1.07396458047885
2.23878098249942,-1.09051556251532
2.3228339328846,-1.10147914581974
2.40542449217686,-1.10680839921429
2.48622682811926,-1.10647850973094
2.56492271244477,-1.10048688800935
2.64120263180643,-1.08885317363573
2.71476681366958,-1.07161914338871
2.78532616966029,-1.04884852778335
2.8526031633625,-1.02062674344648
2.91633261365817,-0.987060550491018
2.97626244804012,-0.948277644986377
3.032154422561,-0.904426196694327
3.08378482594395,-0.855674341372062
3.13094518469601,-0.802209635133189
3.17344298377723,-0.744238475690947
3.21110241356078,-0.681985491961526
3.2437651486781,-0.6156928997346
3.27129115820877,-0.545619817240627
3.29355953997892,-0.472041530815649
3.3104693649772,-0.395248697847047
3.321940511618,-0.315546472116869
3.32791446430049,-0.233253535824861
3.32835504689525,-0.148701023167908
3.32324905980761,-0.0622313224647088
3.31260678935559,0.0258032525892787
3.29646236044371,0.115041927031488
3.27487390782627,0.20511706263652
3.24792354738674,0.295655881716586
3.21571713641446,0.386282301783084
3.17838382032056,0.476618859584706
3.13607537200419,0.566288697270701
3.08896533853006,0.654917578899043
3.0372480172989,0.742135902594787
2.98113728994032,0.827580672628407
2.92086534630385,0.910897396656027
2.85668133288434,0.991741876322091
2.78884995968113,1.06978186419841
2.71765009692255,1.14469856631014
2.64337338852945,1.21618797685107
2.56632290303655,1.28396203960573
2.48681183545222,1.34774963851815
2.40516226580602,1.4072974272209
2.32170397252834,1.46237051365095
2.23677329192379,1.51275302070231
2.15071200936693,1.55824854688889
2.06386626387816,1.59868055204397
1.9765854457029,1.63389269214703
1.88922106652483,1.66374912457999
1.80212558393898,1.68813480074397
1.71565116557526,1.70695575740337
1.63014838344824,1.7201394118337
1.54596483526043,1.72763485934376
1.46344369598878,1.72941316553259
1.3829222096043,1.72546764019752
1.30473013670695,1.71581407552648
1.22918817876231,1.70049092837539
1.15660640316454,1.67955942521597
1.08728269530681,1.65310356877503
1.02150126413502,1.62123002737835
0.959531226348357,1.58406789135137
0.901625291668435,1.54176828521332
0.848018567706196,1.49450382946537
0.798927498262785,1.44246795112301
