0.622730427184275,1.61295899224213
0.571757942420453,1.54778083152404
0.526420421459636,1.47762455484713
0.486895691967669,1.40277980517295
0.453336383905424,1.32355569222145
0.425869625851265,1.24027917330081
0.404596890725914,1.15329335286002
0.389593967956909,1.06295573070597
0.380911039743732,0.96963642598389
0.378572841228302,0.873716400019091
0.382578887643815,0.775585696423179
0.392903755464417,0.675641711945272
0.40949740876611,0.574287506824618
0.432285566036511,0.471930159222921
0.461170106217662,0.368979164929837
0.496029515613919,0.265844881075653
0.536719379339367,0.162937011070764
0.583072922216349,0.0606631273418799
0.634901604559404,-0.0405727715078956
0.691995778242207,-0.140371671929401
0.754125408036693,-0.238340927023935
0.82104086262069,-0.334095609569883
0.892473779029044,-0.427259836723457
0.968138003774992,-0.517468066015385
1.04773061342563,-0.604366361878123
1.13093301703858,-0.687613631755865
1.21741214245353,-0.766882830785816
1.30682170783518,-0.841862133970473
1.39880357891955,-0.91225607455012
1.49298921097159,-0.977786646809155
1.58900117241583,-1.03819437072362
1.68645474441836,-1.09323931465298
1.78495958744103,-1.14270207073931
1.8841214621172,-1.18638467591731
1.98354398797267,-1.22411146963898
2.08283041987482,-1.25572987780715
2.18158541902572,-1.28111111124122
2.27941679322261,-1.30015076651098
2.37593718035819,-1.31276931736852
2.47076565001108,-1.31891248641478
2.56352920065143,-1.31855148908664
2.65386413447103,-1.31168314546191
2.74141729798321,-1.29832985955591
2.82584718399197,-1.27853947041809
2.90682489880805,-1.25238498404033
2.9840350070718,-1.21996419941492
3.05717627452785,-1.18139924557537
3.12596233586486,-1.13683604869766
3.19012231961108,-1.08644374899482
3.24940146449968,-1.03041408598981
3.3035617612976,-0.968960767741773
3.35238265065406,-0.902318834843556
3.39566180114911,-0.830744023797558
3.43321598273991,-0.754512127167586
3.46488203979179,-0.67391834028435
3.49051795562204,-0.589276576925184
3.51000398790748,-0.500918729997459
3.52324384241407,-0.409193848499686
3.5301658422932,-0.31446719948721
3.53072404255274,-0.217119183849119
3.5248992349779,-0.117544077627029
3.51269978822679,-0.0161485763610117
3.49416227125116,0.0866498717231178
3.46935181546739,0.190424947455662
3.43836218178832,0.294743549351719
3.40131551199901,0.399168068713185
3.35836175906586,0.503258818785052
3.30967780669943,0.606576574841456
3.25546630367191,0.708685173537667
3.19595425187758,0.809154114214988
3.13139139789885,0.907561102603662
3.062048485095,1.00349447879761
2.98821542643413,1.09655547645511
2.91019945723528,1.18636026860801
2.82832332180806,1.27254176666941
2.74292353913291,1.35475115242551
2.65434878096505,1.43265913702974
2.5629583820437,1.5059569552522
2.46912098756181,1.57435711643776
2.37321332886837,1.63759394483909
2.27561910565155,1.69542395042215
2.17672794256793,1.74762607631983
2.07693438120181,1.79400187052856
1.97663686484326,1.83437562718808
1.87623667404023,1.86859453712306
1.77613677506365,1.8965288787884
1.67674055088525,1.91807227008637
1.57845039431091,1.93314198960485
1.48166615465744,1.94167936362079
1.38678344181729,1.94365020367803
1.29419180371321,1.93904526955267
1.2042728040552,1.92788072468118
1.11739803616595,1.91019854615929
1.03392711483363,1.88606684949724
0.954205691317361,1.85558008946176
0.87856353667196,1.81885910232624
0.807312735631007,1.77605096125429
0.740746027779069,1.72732862475687
0.679135325227759,1.67289036747984
0.622730427184275,1.61295899224213
