0.675061395708231,1.56235638838055
0.626044040015023,1.49972787556589
0.582439818832891,1.43231517484869
0.544419983230355,1.36039617367464
0.512131714033843,1.28426738886984
0.48569779498683,1.20424245028128
0.465216426230419,1.12065050583793
0.450761158905473,1.03383457424036
0.442380931953323,0.944149869280415
0.440100193766157,0.8519621165723
0.443919093893025,0.757645879623434
0.453813733182865,0.661582908072482
0.469736464178566,0.564160516928947
0.491616236933767,0.465770002058514
0.519358988436516,0.366805094185013
0.552848076300817,0.267660451445636
0.591944759227343,0.168730189070921
0.636488727923489,0.0704064440128705
0.686298690769574,-0.026922027803148
0.741173018634808,-0.122871223632108
0.800890453024864,-0.217063236933933
0.86521088132534,-0.309127572064984
0.933876182413283,-0.398702430791772
1.00661114542179,-0.485435970258292
1.08312446398792,-0.568987531666294
1.16310980786397,-0.649028838690345
1.24624697325044,-0.725245164485297
1.33220311250704,-0.797336465962665
1.42063404289411,-0.865018483713804
1.51118563258345,-0.928023805452183
1.6034952602832,-0.986102890074916
1.69719334243564,-1.03902504839134
1.79190491913172,-1.08657937527523
1.88725128678568,-1.12857562656596
1.98285166244714,-1.16484503262078
2.07832486167785,-1.19524103919138
2.17329096950456,-1.21963996546234
2.26737298240168,-1.23794156883864
2.36019839884987,-1.25006950655835
2.45140073698252,-1.25597168552995
2.54062096029412,-1.25562049396513
2.62750879633654,-1.24901291132101
2.71172393862391,-1.23617049660695
2.79293712831434,-1.21713925899313
2.87083111921479,-1.19198941855409
2.94510153674497,-1.16081506852319
3.01545764810954,-1.12373375325248
3.08162306647276,-1.08088597782516
3.14333641584913,-1.03243466568584
3.20035198526232,-0.978564579570838
3.25244040016872,-0.919481718400286
3.29938933606422,-0.855412698743775
3.34100429367031,-0.78660412424603
3.37710944742208,-0.713321940384923
3.40754856964647,-0.635850765625495
3.43218602248654,-0.554493183992357
3.45090779907611,-0.469568978892482
3.46362258553824,-0.381414284233146
3.4702628068994,-0.290380626965109
3.47078561372513,-0.196833835477484
3.46517376279172,-0.101152790948421
3.4534363448062,-0.00372800379172535
3.43560931522549,0.0950399954906317
3.41175579049154,0.194742452853144
3.38196608111936,0.294964366429613
3.34635744443809,0.395286622764099
3.3050735525906,0.495288264773571
3.25828368471327,0.594548853685244
3.20618166506335,0.692650880058328
3.14898458027624,0.789182174315721
3.08693131807058,0.883738265403799
3.02028097589718,0.975924637483064
2.94931119080605,1.06535883890858
2.87431644101004,1.1516724049283
2.79560636536296,1.23451256503022
2.71350413962735,1.31354371704128
2.62834493860724,1.38844866212429
2.54047450177675,1.458929606866
2.45024780787843,1.52470894983175
2.35802785207112,1.58552987948011
2.26418450851183,1.64115681751867
2.1690934525804,1.69137574615791
2.07313511094179,1.73599445902655
1.97669360469845,1.77484277372986
1.88015565116911,1.80777273938524
1.7839093932274,1.83465886539309
1.68834313128445,1.85539838881528
1.59384394133104,1.86991158777647
1.50079617223765,1.87814213808146
1.40957982592109,1.8800575005528
1.3205688341817,1.87564931816756
1.23412925520077,1.86493379551881
1.15061742018437,1.84795202887997
1.07037806593229,1.82477025344836
0.993742491886418,1.79547997521642
0.921026780374904,1.7601979581896
0.852530116436305,1.7190660429871
0.788533239092579,1.67225077972856
0.729297049709127,1.61994286594045
0.675061395708232,1.56235638838055
