0.719114803606944,1.51973584667993
0.671745467664584,1.45925364913742
0.629602716623698,1.39415041693179
0.592852231318824,1.32469418757974
0.561636556519015,1.25117093173138
0.536074759175034,1.17388311853788
0.516262219515543,1.09314820498757
0.50227053858906,1.00929707258009
0.494147545896245,0.922672432951829
0.491917391934345,0.833627221408499
0.495580712521906,0.742522994082287
0.505114854387293,0.649728340936442
0.520474154383013,0.555617323394426
0.541590267546902,0.460567942228315
0.568372541837297,0.364960638691436
0.600708439553784,0.269176829835851
0.6384640071229,0.173597477552522
0.681484396055261,0.0786016900773412
0.729594438505277,-0.0154346455684505
0.782599281070262,-0.108140201614069
0.840285080361222,-0.199149519084865
0.902419763575293,-0.288104289392407
0.968753856895966,-0.374654607993114
1.03902138410647,-0.458460199693024
1.11294083734728,-0.539191614826483
1.19021622146095,-0.616531395274488
1.27053817278861,-0.6901752090697
1.35358515252946,-0.759832952092283
1.43902471375611,-0.825229815017987
1.52651483981483,-0.886107313170758
1.61570535008384,-0.942224276214541
1.70623936691551,-0.993357793688069
1.79775483511353,-1.03930411128213
1.88988608262209,-1.07987947156664
1.98226540842161,-1.11492089172074
2.07452468117334,-1.14428686985656
2.16629693020121,-1.16785801092092
2.25721790921137,-1.18553756306405
2.34692761296654,-1.1972518559019
2.43507172813333,-1.20295063334183
2.52130300179555,-1.2026072755921
2.60528251465918,-1.19621890756105
2.68668085062714,-1.18380639391962
2.76517915993696,-1.16541422442742
2.84047011906672,-1.1411102964297
2.91225879667539,-1.11098560440977
2.98026344045438,-1.0751538488167
3.04421620442306,-1.03375097779838
3.10386383943506,-0.986934675734121
3.15896837109344,-0.934883811446664
3.20930778864436,-0.87779785665936
3.25467676563244,-0.815896281751379
3.29488742823475,-0.74941793137589
3.32977018050331,-0.67862037737879
3.35917458766747,-0.603779241113004
3.38297030974772,-0.525187472165618
3.40104806868226,-0.443154566197802
3.41332062368494,-0.358005701507257
3.41972372234492,-0.270080772454084
3.42021698967969,-0.179733298324469
3.41478471447038,-0.0873291886791134
3.40343649207374,0.00675464928324963
3.38620768564176,0.102131869522803
3.36315967318478,0.198408412549517
3.33437985586254,0.295184389154395
3.29998141275305,0.392056105202515
3.26010279844213,0.488618201509565
3.21490699129981,0.58446587511681
3.16458051142024,0.679197142181318
3.10933223708019,0.772415098720503
3.04939205648835,0.863730133955426
2.98500939697562,0.952762052165877
2.91645167623545,1.03914206278107
2.84400271961347,1.12251460465822
2.76796118385935,1.20253897873434
2.68863902151818,1.27889077290315
2.60636001178438,1.35126307338488
2.52145837386461,1.41936746727747
2.43427746849129,1.48293485065893
2.34516858303051,1.54171606486674
2.25448978643829,1.59548238983927
2.16260483284103,1.64402592725196
2.06988208730248,1.68715990739457
1.97669344474567,1.72471895229626
1.88341321316132,1.75655932369953
1.79041693506406,1.78255917848433
1.69808012635337,1.80261884657525
1.60677691881241,1.81666113786022
1.51687860081687,1.82463167589584
1.42875205972591,1.82649924785795
1.34275813816906,1.82225615294302
1.25924992434561,1.81191852576111
1.17857100293345,1.79552660756192
1.1010536978145,1.7731449366133
1.02701734029088,1.74486242973788
0.956766596696649,1.71079232976623
0.890589887397884,1.67107199818973
0.828757925374732,1.62586253817423
0.771522397285356,1.57534823982924
0.719114803606944,1.51973584667993
