0.864946340554095,1.37850446606848
0.823046593375203,1.32512646733702
0.78575700324441,1.26766705167881
0.753224616227089,1.20636191864447
0.725576345708973,1.14146244871185
0.702918606801519,1.07323451168935
0.685337060244228,1.00195720870984
0.672896456571141,0.927921563546868
0.665640570915815,0.851429178269545
0.663592219122801,0.772790866949617
0.666753346686439,0.69232527941389
0.675105183294482,0.610357525075972
0.688608457249954,0.527217804856894
0.707203665621135,0.443240057266089
0.73081139748864,0.35876062298262
0.759332709012125,0.27411693083326
0.792649550154937,0.189646206950771
0.830625243746909,0.105684208116731
0.873105018129832,0.0225639798215648
0.919916594939224,-0.0593853606392811
0.97087083366769,-0.1398398157311
1.02576243457383,-0.218481673489243
1.08437070128681,-0.295000646959489
1.14646036413982,-0.36909498642716
1.21178246485927,-0.440472563351422
1.28007530273733,-0.508851924674682
1.35106544180546,-0.573963315915667
1.42446877777877,-0.635549671159433
1.49999166262824,-0.693367567705317
1.57733208354079,-0.747188142706944
1.65618089174492,-0.796797968630612
1.73622307523641,-0.841999883780701
1.81713906788879,-0.882613773525062
1.89860608586262,-0.918477297251179
1.98029948075022,-0.949446555564274
2.0618940976407,-0.975396691880153
2.14306562540756,-0.996222422449088
2.22349192614212,-1.01183848904309
2.30285433089567,-1.02218002909875
2.38083888982676,-1.02720285905271
2.4571375665028,-1.02688366792042
2.53144936844065,-1.02122011979597
2.60348140888807,-1.0102308657924
2.67294989818073,-0.993955467868467
2.73958106653793,-0.972454238839308
2.80311202362222,-0.945808004477011
2.86329156330175,-0.914117794804959
2.91988092453922,-0.877504472333383
2.97265452093694,-0.836108304964803
3.02140065199477,-0.790088490562208
3.06592220846283,-0.739622638727427
3.10603738226097,-0.684906213257411
3.14158038836017,-0.626151936173773
3.17240220194495,-0.563589151357194
3.19837130936375,-0.497463142909048
3.21937446616339,-0.428034400680794
3.23531745028504,-0.355577823233244
3.24612579368412,-0.280381847067816
3.25174547162764,-0.202747490520248
3.2521435260734,-0.122987301366703
3.24730859812807,-0.0414241990220588
3.23725134479097,0.0416097948243177
3.22200471707571,0.125774939320245
3.2016240800915,0.210725268742661
3.17618716056142,0.29611019016691
3.14579381324632,0.381576171345596
3.11056560442755,0.466768500518203
3.07064521751744,0.551333095397549
3.02619569252795,0.63491833508892
2.97739951706272,0.717176886480103
2.92445759128848,0.79776749589593
2.86758809265496,0.876356717634789
2.8070252677505,0.952620553376941
2.74301817851492,1.02624598023937
2.67582942813269,1.09693235020608
2.60573388848197,1.16439264945368
2.53301744631917,1.2283546123225
2.45797577983005,1.28856169092323
2.38091317122933,1.34477388718693
2.30214135521959,1.39676845916632
2.2219783977859,1.44434051724495
2.14074759541421,1.48730352836664
2.05877638169971,1.52548974732653
1.9763952266717,1.55875059354992
1.89393651409159,1.58695698972645
1.8117333834433,1.60999967537289
1.73011852617042,1.62778950416344
1.64942292965717,1.64025772905142
1.56997456715647,1.64735627420476
1.49209703694416,1.64905798798318
1.41610815901446,1.64535686696409
1.34231854223728,1.63626823768512
1.27103013873169,1.62182888054245
1.20253480500499,1.60209707930089
1.13711289099125,1.57715257996758
1.07503187842565,1.54709644429016
1.01654508904513,1.51205078570833
0.961890481039668,1.47215837898763
0.911289549197204,1.42758213871828
0.864946340554095,1.37850446606848
