0.826438979062904,1.41581843666808
0.783092854639341,1.36056472107864
0.744519503004371,1.30108715496199
0.710870917830546,1.23762993957998
0.682278179564045,1.17045354437199
0.658851092699603,1.09983345493963
0.640677938493149,1.0260588519552
0.627825332268155,0.949431238500143
0.620338174155669,0.870263032407954
0.618239682579972,0.788876138592014
0.621531500906119,0.705600514285866
0.630193869215871,0.620772737822377
0.644185854979222,0.53473458923153
0.663445638253837,0.447831648719515
0.687890848814515,0.360411917140511
0.717418954167054,0.272824460977055
0.75190769865678,0.18541808314703
0.791215594806715,0.0985400201524829
0.835182468617739,0.0125346656386453
0.883630060867248,-0.0722576797239165
0.936362686505833,-0.155502032062713
0.993167954131354,-0.236869921666868
1.05381754726863,-0.316040563463148
1.11806806883729,-0.392701999895977
1.18566194976624,-0.466552215229991
1.25632842220359,-0.537300220032321
1.32978455715102,-0.604667104325933
1.40573636558208,-0.668387057606346
1.48387996114629,-0.728208353548773
1.56390278138305,-0.783894296773991
1.64548486296317,-0.835224128476012
1.72830016486052,-0.881993887051499
1.81201793159101,-0.924017219143995
1.89630408683622,-0.961126135784825
1.98082264602551,-0.993171707658294
2.0652371349412,-1.02002469303658
2.14921200030416,-1.04157609171742
2.23241399775779,-1.05773761844406
2.31451354283568,-1.06844208985685
2.39518601147043,-1.07364372005164
2.47411297841511,-1.07331832128697
2.55098338457212,-1.06746340823106
2.62549462754411,-1.05609820625808
2.69735357355277,-1.03926356654106
2.76627749295853,-1.01702179285898
2.83199492565523,-0.989456386939841
2.89424648627687,-0.956671720599512
2.95278562211102,-0.918792643735927
3.00737933856501,-0.875964037265865
3.05780890774081,-0.828350319278316
3.10387057498849,-0.77613491102537
3.14537627618179,-0.71951966696151
3.1821543749639,-0.65872427003584
3.21405042453579,-0.593985590071009
3.24092795300616,-0.525556999613341
3.26266926527895,-0.453707638429894
3.27917624837697,-0.378721615184335
3.29037116146753,-0.300897133046176
3.29619738713726,-0.220545525327076
3.29662011707621,-0.137990187866018
3.29162694360501,-0.0535653968777218
3.28122832862445,0.0323849956988935
3.26545792365567,0.1195089928105
3.24437271859157,0.2074480068827
3.21805300237052,0.295838530405776
3.18660212565077,0.384313908332967
3.15014606324377,0.472506192195855
3.10883278201789,0.56004805064473
3.06283142764706,0.646574707051996
3.01233135040091,0.73172587221107
2.95754099566834,0.81514763925779
2.89868668868586,0.896494308850087
2.83601134475329,0.975430115343774
2.76977313595898,1.05163082904171
2.70024414316582,1.12478521528893
2.62770901794181,1.19459633785162
2.55246367360921,1.26078270119168
2.47481401809335,1.32307923343058
2.39507473430781,1.38123811848595
2.3135681069716,1.43502949159947
2.23062288855359,1.48424201687087
2.14657319195362,1.52868336818744
2.0617573939315,1.56818063593884
1.9765170314317,1.60258068111494
1.8911956729225,1.63175045591891
1.80613774862521,1.6555773061336
1.72168732686137,1.67396926550211
1.63818682838043,1.68685534674419
1.55597567604285,1.69418582798739
1.47538888316179,1.69593252780503
1.39675558967235,1.69208905714672
1.32039756064547,1.68267103257774
1.24662766609798,1.66771623267503
1.17574836426372,1.64728467831108
1.10805021228655,1.62145861792792
1.04381042859806,1.59034240068
0.98329153009635,1.55406222332108
0.926740064801129,1.51276574065921
0.874385457173238,1.46662153397799
0.826438979062904,1.41581843666808
