0.65578379097462,1.58100062799818
0.606045885957847,1.51743288139217
0.561802803032385,1.44900952401493
0.523228221203606,1.37601276666299
0.49047133619568,1.29874375666112
0.463656541426891,1.2175210243779
0.44288325262776,1.13267885012233
0.428225855573693,1.04456557895781
0.419733756798556,0.95354190854219
0.417431518926329,0.859979171610138
0.421319065061116,0.76425763056532
0.431371940121997,0.666764797259877
0.447541620707265,0.56789378678676
0.46975586866681,0.468041710311006
0.497919126763996,0.367608108844518
0.531912957418973,0.266993427551454
0.571596527440687,0.166597528684549
0.616807142865136,0.0668182405349303
0.667360838592335,-0.0319500603015877
0.723053027581365,-0.129317835654328
0.783659214078689,-0.224901743158056
0.848935774878081,-0.31832596518487
0.91862081207398,-0.409223509525305
0.992435080261266,-0.497237481456922
1.07008299068235,-0.582022326459348
1.15125369439531,-0.663245042614016
1.23562224604965,-0.740586361594709
1.32285084918649,-0.813741897009913
1.41259018299245,-0.882423258586965
1.50448080900766,-0.946359130189804
1.59815465433602,-1.00529630886855
1.69323656541241,-1.05900070103167
1.78934592340808,-1.10725827045221
1.88609830905337,-1.14987593127305
1.98310720125898,-1.18668237762208
2.07998569072554,-1.21752884008733
2.17634818708945,-1.24228975835174
2.27181209641075,-1.26086335895632
2.36599944528523,-1.27317212761996
2.45853842880281,-1.27916316689939
2.54906486211606,-1.27880843224528
2.63722351952654,-1.27210484261985
2.72266935059135,-1.25907426560759
2.80506856949157,-1.23976338109744
2.88409962134218,-1.21424343179397
2.95945403670198,-1.18260987263187
3.03083719263809,-1.14498193422203
3.09796900467212,-1.1015021173799
3.16058457818879,-1.05233563628524
3.21843484992807,-0.997669826712684
3.27128724966968,-0.937713533011998
3.31892640900947,-0.872696483215362
3.36115493830044,-0.802868656074852
3.39779428469287,-0.728499637397599
3.42868567428071,-0.649877956275802
3.4536911303484,-0.567310385305407
3.47269454844662,-0.48112118327617
3.48560279840385,-0.391651254690485
3.49234681428947,-0.299257198334375
3.49288262658461,-0.204310217347886
3.4871922870308,-0.107194866010297
3.47528463623998,-0.00830761374829586
3.45719586732633,0.0919447855434467
3.43298984544487,0.193147121351885
3.4027581527953,0.294877743393227
3.36661984072313,0.396710748157633
3.32472088416762,0.498218305074163
3.27723334787483,0.598973082630976
3.22435428746348,0.698550727157852
3.1663044205775,0.796532341955049
3.10332661307315,0.892506912493373
3.03568423174638,0.986073624747367
2.96365941803558,1.07684402833637
2.88755133624826,1.16444400376275
2.80767444527721,1.2485155031416
2.7243568349,1.3287180457026
2.63793865726586,1.40472996216119
2.54877067193449,1.47624939487505
2.45721290983908,1.54299507259694
2.36363344884502,1.60470688875151
2.26840728216412,1.66114631979104
2.17191525164129,1.7120967248098
2.07454301153813,1.75736356894451
1.97667998533395,1.79677461114082
1.87871827841076,1.83018009186285
1.78105151316029,1.85745294873218
1.68407355966166,1.87848907856774
1.58817714401076,1.89320765364951
1.49375232685588,1.9015514891076
1.40118485582466,1.90348744799733
1.310854406415,1.89900686164103
1.22313273571695,1.88812593584357
1.13838178130965,1.87088610908553
1.05695174328986,1.84735432701567
0.979179190305182,1.81762319852934
0.905385230587965,1.78181100224231
0.83587378644723,1.74006151786686
0.770930005813932,1.69254366433834
0.710818837753218,1.6394509348938
0.65578379097462,1.58100062799818
