0.83744211918615,1.40515785542183
0.794509129165189,1.35044012483156
0.756302435265598,1.29153924593102
0.722972619292519,1.22869698811977
0.694649573730602,1.16217122065134
0.671442137968815,1.09223467813792
0.65343784824811,1.01917365773406
0.640702790967383,0.943286664982253
0.63328154864269,0.864883024436631
0.631197228232218,0.784281469674916
0.634451562567727,0.701808725355201
0.64302507709531,0.617798091775099
0.656877315837844,0.532588040139791
0.675947122270767,0.446520824610807
0.700152972498448,0.359941115320587
0.72939335961239,0.273194654986421
0.763547229327768,0.186626940583297
0.802474467896231,0.100581930738048
0.846016443881745,0.0154007790515409
0.893996605693162,-0.068579406618292
0.946221136839785,-0.151026778844812
1.00247967076841,-0.231615939054209
1.06254606690059,-0.310029099200309
1.12617924915162,-0.385957215946925
1.19312410779364,-0.459101096348024
1.26311246501762,-0.529172473758253
1.3358641039309,-0.595895052440914
1.41108785996269,-0.659005519041464
1.48848277270383,-0.718254518732214
1.56773929505235,-0.773407593383701
1.64854055516512,-0.824246078569319
1.73056366515164,-0.870567955571774
1.81348106874352,-0.91218865386591
1.89696191842802,-0.948941798860015
1.98067347086971,-0.980679899064008
2.06428248801255,-1.0072749664084
2.1474566302156,-1.02861906325512
2.22986582728525,-1.04462476980348
2.31118361345744,-1.05522556616276
2.39108841334552,-1.06037612436501
2.46926476763707,-1.06005250701445
2.54540448986191,-1.05425227105225
2.61920774875457,-1.04299447715282
2.6903840744177,-1.02631960741147
2.75865329041433,-1.00428939605939
2.82374637778488,-0.976986579756102
2.88540628048383,-0.944514575376043
2.94338866454648,-0.90699709395728
2.99746264514402,-0.864577699493627
3.04741149633834,-0.817419320459821
3.09303335766446,-0.765703720367457
3.13414194960488,-0.709630931336979
3.17056730664776,-0.649418651793595
3.20215653212342,-0.585301606175215
3.22877457367933,-0.517530861252415
3.25030501245891,-0.446373090609299
3.26665085322721,-0.372109776329845
3.27773529729782,-0.295036335264623
3.2835024756083,-0.215461156655569
3.28391811606571,-0.133704538535331
3.27897011765263,-0.0500975122631776
3.26866900395038,0.0350194522231342
3.25304823076481,0.121297863513527
3.23216432635577,0.208382746032734
3.20609684815561,0.295914289606759
3.17494814646923,0.383529597403285
3.13884293303215,0.47086451268464
3.09792765994802,0.557555499830166
3.05236972189193,0.643241551187962
3.00235650102445,0.727566088826309
2.94809427934681,0.810178829398054
2.88980704686876,0.890737581215246
2.82773523571482,0.968909945235785
2.76213441006246,1.04437489583867
2.69327393964657,1.11682422273964
2.62143568068162,1.18596382180423
2.54691268278634,1.25151482940899
2.47000793428377,1.31321460190311
2.39103315160193,1.37081754815356
2.31030761194807,1.42409582867346
2.22815702248669,1.47283993906712
2.14491241437292,1.51685919820557
2.06090904653607,1.55598216252583
1.97648530231054,1.59005698710852
1.89198156196941,1.61895175184456
1.80773903588416,1.6425547672866
1.72409854623184,1.66077487002486
1.64139924959845,1.67354171203394
1.55997729809943,1.6808060428444
1.48016444231224,1.68253997804188
1.40228658493445,1.67873724289392
1.32666229920854,1.66941337619251
1.25360133041005,1.65460587693204
1.18340310178614,1.634374275365
1.11635524806475,1.60880011032522
1.05273219995855,1.57798679640464
0.992793842001506,1.54205936743793
0.936784263727949,1.50116408653393
0.884930620867953,1.45546791728266
0.83744211918615,1.40515785542183
