0.67230761060313,1.56501993502011
0.623187302210215,1.50225725400669
0.579491795247907,1.43470018349725
0.541392687978667,1.36262722802606
0.509037449581641,1.28633556529017
0.482549094378765,1.20613952453873
0.462025996854926,1.12236898623126
0.44754182808657,1.0353677293595
0.439145594486151,0.945491750590055
0.43686176137113,0.853107576127109
0.440690446455476,0.75859058330024
0.450607671574883,0.662323344741159
0.466565664426426,0.564694003983761
0.488493205494267,0.466094687702387
0.516296018372081,0.366919956808929
0.54985720418867,0.267565296383302
0.589037722694268,0.16842564294331
0.633676923757165,0.0698939468157845
0.683593133614244,-0.0276402327676226
0.738584300329109,-0.123792101919408
0.798428702681222,-0.218182977182268
0.862885726283827,-0.310441602263629
0.931696710230153,-0.400205436580674
1.00458586707724,-0.487121915248891
1.0812612785222,-0.570849679774044
1.16141596867854,-0.651059778472014
1.24472905634309,-0.727436835481142
1.33086698694621,-0.799680187055245
1.419484843876,-0.86750498353054
1.51022773745129,-0.93064325485495
1.60273226791572,-0.988844936792929
1.6966280564237,-1.04187885385878
1.79153933515218,-1.08953365372794
1.88708658454327,-1.13161868642829
1.98288820248445,-1.16796482017235
2.07856218724923,-1.19842518444375
2.17372781357432,-1.2228758301003
2.26800727966593,-1.24121629599419
2.36102730250424,-1.25337007209521
2.45242063977802,-1.25928495043067
2.54182751925463,-1.25893325734163
2.62889696036974,-1.25231196352119
2.71328797815811,-1.23944267187366
2.79467066604887,-1.22037148715209
2.87272716109172,-1.19516877526729
2.9471525023375,-1.16392882374242
3.01765539977836,-1.12676941763831
3.08395893685596,-1.08383134705075
3.14580123351331,-1.03527786271048
3.20293609863121,-0.981294095128956
3.25513370014112,-0.922086450093378
3.30218127800905,-0.857881989228691
3.34388391972056,-0.788927799070396
3.38006541015749,-0.715490346018842
3.41056915834038,-0.637854808172541
3.43525919308261,-0.556324368932391
3.45402120895083,-0.471219452019603
3.46676363389935,-0.382876873715976
3.47341868137892,-0.291648886190013
3.47394334336885,-0.197902086058916
3.46832027724851,-0.102016165027048
3.45655853911097,-0.00438248451358503
3.43869411917918,0.0945975365904056
3.41479024130157,0.194514222932481
3.38493739770144,0.294951624263414
3.3492531016172,0.395489658796475
3.30788135338908,0.495706389402133
3.26099182898414,0.595180394613404
3.2087788129111,0.693493189214805
3.15145990899496,0.790231644456383
3.08927457169681,0.884990356105813
3.02248250689592,0.977373909843614
2.95136199385065,1.06699899789864
2.87620817924616,1.15349634805254
2.79733138993128,1.23651243572896
2.71505550353048,1.31571096115512
2.62971640622063,1.39077408573478
2.54166055540658,1.46140343392674
2.45124365275614,1.52732087820447
2.35882942104802,1.58826913427475
2.26478846749083,1.64401220098192
2.16949720741657,1.69433568373548
2.07333681618428,1.73904704161073
1.97669217416536,1.77797579646756
1.87995076997384,1.81097373773512
1.78350153054022,1.83791514936295
1.68773355284261,1.85869707646436
1.59303472052381,1.87323963912542
1.49979019850242,1.88148639053209
1.40838080919689,1.88340470678853
1.31918130427343,1.87898618729648
1.23255855509957,1.86824703795339
1.14886969264897,1.85122840514355
1.06846023294044,1.82799662678365
0.991662226889639,1.79864336756852
0.918792473608884,1.76328560886891
0.850150833829487,1.72206546910307
0.786018675557665,1.67514983733714
0.72665747778148,1.62272981077288
0.67230761060313,1.56501993502011
