0.848444429814675,1.3944968314671
0.805924667139348,1.3403150334402
0.768084736011229,1.2819907836957
0.735073804968735,1.21976342202923
0.70702057641663,1.15388822019985
0.68403292198716,1.08463516474655
0.666197629923081,1.0122876722448
0.653580254582057,0.937141253475569
0.646225057798951,0.859502142175479
0.644155032208487,0.779685902614692
0.647371997586356,0.69801602839116
0.655856762644261,0.6148225427296
0.669569346336079,0.530440608415184
0.688449254428469,0.445209153437538
0.712415808712757,0.359469516596917
0.741368527671802,0.273564115816603
0.775187558590734,0.187835140755647
0.81373416197813,0.102623270525508
0.856851249743896,0.0182664168511094
0.904363978888574,-0.0649015071740855
0.956080402539882,-0.146551792576339
1.01179218007577,-0.226362113922578
1.07127534784434,-0.304017682141343
1.13429115166213,-0.379212369959907
1.20058694185793,-0.451649808918798
1.26989713112478,-0.521044456671342
1.34194421482708,-0.58712263301155
1.41643985265171,-0.649623522775507
1.49308600955848,-0.708300143402627
1.57157615285323,-0.762920274501904
1.65159650087196,-0.813267346235855
1.73282731724819,-0.859141282721337
1.81494424309665,-0.90035929598444
1.89761965777188,-0.936756625351386
1.98052405727321,-0.968187216582539
2.06332743801014,-0.994524334647936
2.14570067266764,-1.01566110388771
2.22731686446742,-1.03151096947747
2.30785266633246,-1.04200807468409
2.38698955241389,-1.04710754937656
2.46441503116046,-1.04678570663513
2.53982379156724,-1.04104014602065
2.61291877732548,-1.02988976402351
2.68341218713534,-1.01337467426604
2.75102640320355,-0.991556042015803
2.81549485364956,-0.964515839296634
2.87656281788417,-0.932356528181215
2.933988186704,-0.895200680555204
2.98754219059301,-0.853190542642555
3.03701011032284,-0.806487551812239
3.08219198326283,-0.755271811654247
3.12290331680952,-0.69974152909535
3.15897581709288,-0.640112414572656
3.190258136792,-0.576617043209171
3.21661664077182,-0.509504171803205
3.23793618269731,-0.439038003544111
3.25412088020649,-0.365497389996857
3.26509487107054,-0.289174958331341
3.2708030284669,-0.210376151235646
3.27121161042008,-0.129418167600567
3.26630881692649,-0.0466287939615912
3.2561052284638,0.037654880200665
3.24063410155626,0.123087866007867
3.21995150074941,0.209318795250407
3.19413625153222,0.295991549084261
3.16328970509972,0.382746981763111
3.12753531294624,0.469224720366266
3.08701801662603,0.555065016708988
3.04190346509426,0.639910623891946
2.99237707834472,0.723408667568679
2.93864298114294,0.805212481199311
2.88092283416068,0.884983375418444
2.81945459151582,0.962392314154767
2.75449121351754,1.03712147415511
2.68629936136424,1.10886566982754
2.61515809683773,1.17733363147159
2.54135760500471,1.2422491315858
2.46519795199709,1.30335196057293
2.38698788358143,1.3603987593431
2.30704366395472,1.41316372162008
2.22568794851091,1.46143918283215
2.14324867964399,1.5050361150573
2.06005799133458,1.54378454845219
1.97645110653298,1.57753393890569
1.89276521129823,1.60615349943236
1.80933829123601,1.62953250927786
1.72650791882655,1.64758061016744
1.64460998446249,1.66022809397183
1.56397736905563,1.66742618071527
1.4849385615007,1.66914728072699
1.40781622966352,1.66538523023254
1.33292575847454,1.65615548612146
1.26057377279202,1.64149526325761
1.19105666566832,1.62146359665913
1.12465915432596,1.59614131120053
1.06165288645377,1.5656308831089
1.00229511840571,1.53005618027049
0.946827484664428,1.4895620719909
0.895474874742123,1.44431390306289
0.848444429814675,1.3944968314671
