0.727373323074939,1.51174370063961
0.680313153957622,1.45166385652446
0.638444616555235,1.38699355448881
0.601932344208586,1.31799898998978
0.570918007855555,1.24496416195256
0.545519971918597,1.16818945299594
0.525833081659983,1.08799013412757
0.511928566090348,1.00469481677603
0.503854040526804,0.918643873346398
0.501633594007292,0.830187844926028
0.505267948727395,0.73968585163431
0.514734681184895,0.647504017721902
0.529988497499621,0.554013920174796
0.550961558148019,0.459591066515699
0.577563849885903,0.364613404903683
0.609683604764699,0.269459867624188
0.647187767781851,0.174508947672021
0.689922515819941,0.0801373073298958
0.737713831155982,-0.0132815826493276
0.790368133041079,-0.105378774555948
0.847672970764581,-0.195791146885611
0.90939778133317,-0.284162679633318
0.975294714506207,-0.370145701714304
1.0450995274961,-0.453402110074147
1.11853255118902,-0.53360455970566
1.19529972924864,-0.610437623525319
1.2750937308789,-0.683598920835676
1.35759513726275,-0.752800212848695
1.44247370067526,-0.81776846339652
1.52938967391759,-0.878246862448272
1.61799520598842,-0.933995809344761
1.70793579780602,-0.984793851754199
1.79885180937967,-1.03043857528054
1.89038000723017,-1.07074743750533
1.98215513825987,-1.10555853913557
2.07381151390681,-1.13473132401282
2.16498458654154,-1.15814719917038
2.25531249893928,-1.17571006605495
2.34443758751341,-1.18734675457387
2.43200782099973,-1.19300735285549
2.51767815852079,-1.19266542752159
2.60111181441653,-1.18631813179252
2.68198142176569,-1.17398620173059
2.75997009189135,-1.15571384415728
2.83477237298683,-1.1315685229848
2.9060951168805,-1.10164065358294
2.97365826839418,-1.06604321705447
3.03719559625322,-1.02491130764527
3.09645538762258,-0.978401626754633
3.15120112970633,-0.926691936010831
3.20121220120932,-0.869980479618241
3.24628459372708,-0.808485382764362
3.28623167838006,-0.742444028516479
3.32088502649566,-0.672112410665284
3.35009528528299,-0.597764454798158
3.37373310079651,-0.519691294974132
3.39169007169594,-0.438200489205841
3.40387970908002,-0.353615153983274
3.41023837068416,-0.266272996680699
3.41072613260438,-0.176525225143309
3.40532755893217,-0.0847353161845623
3.39405232957778,0.00872237088984892
3.37693568924188,0.103464143475906
3.35403868586635,0.199098687786521
3.32544817463769,0.295228935638439
3.29127657321964,0.39145406888531
3.25166136468542,0.487371636017146
3.20676435582916,0.582579747961589
3.15677070934428,0.676679314204233
3.10188777796544,0.769276276490025
3.04234377637594,0.859983795926688
2.97838633191947,0.94842435045865
2.91028095755862,1.03423170339462
2.83830948994384,1.11705270973546
2.76276853198816,1.19654893505973
2.68396793329895,1.27239807112749
2.60222933371637,1.34429514249442
2.51788478572142,1.41195350856423
2.43127546137745,1.47510567492662
2.34275043956741,1.5335039358629
2.25266556036167,1.58692087599768
2.16138232608347,1.63514976283021
2.06926682356577,1.67800486307492
1.97668863956159,1.71532171436027
1.88401974141332,1.74695738005792
1.79163329781908,1.7727907092014
1.6999024195641,1.79272261611453
1.60919880694423,1.80667638611852
1.51989129869619,1.81459800519004
1.43234432588632,1.8164565033654
1.34691628269761,1.81224429463895
1.26395783373342,1.80197749059486
1.18381018375778,1.78569616140929
1.10680334028223,1.76346451637079
1.03325440182036,1.73537097672241
0.96346590487175,1.7015281162926
0.897724260856093,1.66207244977003
0.836298310542611,1.61716405418357
0.779438018387757,1.56698601569111
0.727373323074939,1.51174370063961
