0.840192774604052,1.40249264092621
0.797363082702266,1.34790889841478
0.759248069650212,1.28915218226051
0.725997964066619,1.22646365425157
0.697742361113444,1.16010053401712
0.674589858487475,1.09033486887923
0.656627805708216,1.01745223557368
0.643922156454969,0.941750390693512
0.636517413359701,0.863537885858696
0.634436655066668,0.783132662130638
0.637681636379539,0.700860636260722
0.646232953757341,0.61705428918822
0.660050270107868,0.532051264975233
0.679072594585395,0.446192986251946
0.703218614776929,0.359823290374593
0.732387080140851,0.273287088957987
0.766457236767,0.186929052276464
0.805289314422703,0.101092319231451
0.848725067435999,0.016117233126303
0.896588371274583,-0.0676598966893218
0.948685876753903,-0.149908007213905
1.00480772370289,-0.23030246797096
1.06472831567889,-0.308526240475334
1.12820715698821,-0.384271010233725
1.19498975285073,-0.457238290262505
1.26480857304013,-0.527140494849186
1.3373840787139,-0.593701982018611
1.41242581138399,-0.656660062866126
1.4896335420366,-0.715765975558358
1.56869847725992,-0.770785821354281
1.64930451787682,-0.821501459454434
1.73112956402714,-0.867711356854328
1.81384685895792,-0.909231388692164
1.89712636205248,-0.94589558389794
1.98063613998447,-0.977556810347258
2.06404376347034,-1.00408739328768
2.14701769607079,-1.02537966062987
2.22922866101345,-1.04134640886163
2.31035097220517,-1.05192128391051
2.3900638165617,-1.05705907227711
2.46805247653872,-1.05673589917285
2.54400948426625,-1.05094933216216
2.61763570186029,-1.03971839082629
2.68864132613256,-1.02308346508719
2.75674681979969,-1.00110614688223
2.82168377511926,-0.973868981673393
2.88319571933873,-0.941475147623539
2.9410388741245,-0.904048071011828
2.99498288296029,-0.861730986470426
3.04481152114452,-0.814686449838377
3.09032340233249,-0.763095809851653
3.13133269352215,-0.707158642599973
3.16766984703951,-0.647092149835178
3.19918235362622,-0.58313051903313
3.22573551545158,-0.515524239862429
3.24721323213671,-0.444539368700628
3.26351878711916,-0.370456730368374
3.27457561635728,-0.293571044608429
3.28032803691814,-0.214189964254699
3.28074190980652,-0.132633012677731
3.27580520978472,-0.0492304100268673
3.26552847510404,0.0356782190191656
3.24994511208246,0.121745258973811
3.22911153324572,0.20861663653535
3.20310711308186,0.295933464921993
3.17203395200358,0.383333785736978
3.13601644642331,0.470454388933889
3.09520067041614,0.556932686523253
3.049753581737,0.642408611806941
2.99986207145274,0.726526513465516
2.94573188168395,0.80893701297846
2.88758641955843,0.889298794735118
2.82566549721824,0.967280300774643
2.76022402749746,1.04256130622777
2.6915307027551,1.11483435695432
2.61986668051081,1.18380605721219
2.5455242943229,1.24919820201813
2.46880580220581,1.31074875569386
2.39002217830883,1.3682126844583
2.30949194709618,1.42136265638962
2.22754005338926,1.46998962627501
2.1444967568037,1.51390332552285
2.06069653569205,1.55293267828665
1.97647698392135,1.58692616422421
1.89217768376989,1.61575214600138
1.80813903987419,1.63929917597849
1.72470106231709,1.6574762918158
1.64220209132498,1.67021330540117
1.56097746125531,1.67746108397189
1.48135810716737,1.67919181700914
1.40366912282771,1.67539925783109
1.32822828407446,1.66609892513684
1.25534455567748,1.65132824730993
1.18531660289023,1.63114663122236
1.11843133060823,1.60563543762193
1.05496247335201,1.57489784686228
0.995169258221716,1.53905860157219
0.939295160669596,1.49826361660497
0.887566769637628,1.45267945095369
0.840192774604052,1.40249264092621
