0.779666373159543,1.46112096159763
0.734565462038506,1.4035887381417
0.694434987876373,1.3416596121845
0.659432928602128,1.27558814640162
0.629695389062672,1.20564589197923
0.605336244947223,1.13212005971846
0.586446909589112,1.05531211892743
0.5730962105826,0.975536343988959
0.5653303629649,0.893118327243722
0.56317302645189,0.808393474820635
0.56662543568366,0.721705499526273
0.575666594402681,0.633404922130392
0.590253526713729,0.543847589597082
0.610321580836891,0.453393216218476
0.635784782873468,0.362403951367915
0.666536239918214,0.271242975802048
0.702448593283875,0.180273127146965
0.743374523623639,0.0898555543887677
0.789147310360216,0.000348400796266946
0.839581448109011,-0.087894485354316
0.894473322790685,-0.174524812707005
0.953601949943904,-0.259201081550751
1.01672977744104,-0.341589791126664
1.08360355442537,-0.421366618954409
1.15395526784676,-0.498217571305066
1.22750314746261,-0.571840103677428
1.30395273955396,-0.641944209876832
1.38299804882887,-0.708253478007242
1.46432274698695,-0.770506111319452
1.54760144515141,-0.828455911369194
1.63250102581569,-0.881873220305139
1.71868202811386,-0.930545818332107
1.80580007816982,-0.974279771516259
1.89350735411833,-1.01290022418656
1.98145407327653,-1.04625212933919
2.06928998706793,-1.07420090978649
2.15666586786833,-1.09663304243373
2.24323497116051,-1.11345655812827
2.32865445642937,-1.12460145009489
2.4125867512303,-1.13001998509337
2.49470084487791,-1.12968691310259
2.57467350120187,-1.12359957348265
2.65219038367855,-1.11177789806563
2.72694709075532,-1.09426431429449
2.79865010404115,-1.07112355414812
2.86701765687917,-1.04244237691318
2.9317805352495,-1.00832921564849
2.99268282657301,-0.968913758218331
3.04948263443623,-0.92434647388055
3.1019527782387,-0.87479809551036
3.14988149608572,-0.820459065614656
3.19307316684496,-0.761538951435083
3.23134906323021,-0.698265830837882
3.26454814228873,-0.63088564661793
3.29252787310136,-0.559661522644624
3.3151650943201,-0.48487303133115
3.33235688690583,-0.406815398608319
3.34402144066363,-0.325798630296292
3.35009888746884,-0.242146542798514
3.35055206993545,-0.156195681606997
3.34536721210091,-0.0682941133055889
3.33455445874476,0.0211999194448283
3.31814825231447,0.11191948522719
3.29620752101146,0.203490592422249
3.26881565812746,0.295533950837284
3.23608028078924,0.387666850929768
3.19813276531409,0.479505138121523
3.15512756575758,0.570665253504208
3.10724133127475,0.66076630736286
3.05467184595788,0.749432148796773
2.99763682127648,0.836293393582249
2.93637257566452,0.920989373439659
2.87113263787166,1.0031699730164
2.80218631029984,1.08249732599438
2.7298172257549,1.15864734844148
2.65432192611624,1.23131109539162
2.57600848478787,1.30019593510724
2.49519518699643,1.36502654395423
2.41220927368001,1.42554573270454
2.32738574653427,1.481515121826
2.24106622438848,1.53271568846126
2.1535978350419,1.57894821100596
2.06533212244352,1.62003363828647
1.97662394693621,1.65581340929331
1.88783035632533,1.6861497463926
1.79930940770729,1.7109259402092
1.71141892407093,1.73004663836891
1.62451517528491,1.74343814350867
1.53895147971596,1.75104871896064
1.45507672983261,1.75284889383948
1.37323385215922,1.74883175341641
1.29375821831457,1.73901319607235
1.2169760291239,1.72343213509507
1.14320269757234,1.70215062229844
1.07274125844097,1.67525387092866
1.00588083275258,1.64285015747938
0.942895173713991,1.60507058563525
0.884041317870994,1.56206870027613
0.829558360993238,1.51401994490608
0.779666373159543,1.46112096159763
