0.820937097889854,1.42114856118898
0.777384441087559,1.36562683361449
0.738627799987705,1.30586090223093
0.704819873664342,1.24209618508888
0.67609233573944,1.17459445274223
0.652555472254189,1.10363256739377
0.634297935840618,1.0295011525887
0.621386605103916,0.952503211229871
0.613866537822775,0.87295270872182
0.611761007075479,0.791173136411911
0.615071610543004,0.707496068392726
0.623778444836159,0.622259722376421
0.637840338541276,0.535807532956099
0.657195139588037,0.448486743310163
0.681760054350727,0.360647019421591
0.711432037476029,0.272639089266398
0.746088232706835,0.184813408215891
0.785586465907795,0.0975188510920832
0.829765792099641,0.0111014308736908
0.878447098611682,-0.0740969560954281
0.931433766519595,-0.157739758472889
0.988512392409024,-0.239496971730487
1.04945357224828,-0.31904631301126
1.11401274880348,-0.396074368340648
1.18193112360304,-0.470277711224126
1.25293663394806,-0.541363991400666
1.32674499484459,-0.609052992255683
1.40306080496241,-0.673077655098375
1.48157871476138,-0.733185068142028
1.56198465373776,-0.789137417562949
1.64395711231862,-0.840712897440352
1.72716847229175,-0.887706574703692
1.81128637786081,-0.92993120447016
1.89597513755753,-0.967217990404016
1.98089714545887,-0.999417284054225
2.06571430860697,-1.02639921662498
2.15008946638834,-1.04805425640616
2.23368778706294,-1.06429368522836
2.31617812678906,-1.07504998787821
2.39723433746656,-1.08027714944632
2.47653651155853,-1.07995085707056
2.55377215471718,-1.07406860441918
2.6286372804206,-1.06264969941951
2.70083742473352,-1.0457351780228
2.77008858347772,-1.02338762901575
2.83611807822698,-0.995690936838687
2.89866536128945,-0.962749950846339
2.95748277287016,-0.924690090271113
3.01233626561222,-0.881656894185143
3.06300611245388,-0.833815524932651
3.10928761305211,-0.781350231820505
3.1509918118655,-0.724463779394697
3.18794623743034,-0.663376841558312
3.21999566759817,-0.598327359338307
3.2470029198365,-0.529569856576443
3.26884965952519,-0.457374704529967
3.28543721297213,-0.382027323651909
3.2966873661146,-0.303827308988037
3.3025431250449,-0.22308746493356
3.30296941102926,-0.140132735714947
3.29795366091326,-0.0552990199783646
3.28750630394205,0.0310681387576959
3.27166108814275,0.118614989442508
3.25047523343885,0.206981136746445
3.22402939436216,0.295801222213063
3.19242742222848,0.384706708981168
3.15579592447427,0.473327749709854
3.11428362696308,0.561295112032551
3.06806055288561,0.6482421317076
3.01731703883515,0.733806660967678
2.96226261424196,0.817632978640014
2.90312477420126,0.899373629530564
2.84014767756926,0.97869116331727
2.77359080192691,1.05525974762115
2.70372758468278,1.12876663573198
2.63084407542414,1.19891347626364
2.55523761899104,1.26541745933167
2.47721558211098,1.32801230117118
2.39709412933517,1.38644907593512
2.31519704702869,1.44049690926063
2.23185460783405,1.48994355266974
2.14740246283596,1.5345958606941
2.06218054498461,1.57428019362397
1.97653196543774,1.60884276796208
1.89080188445962,1.63814997413536
1.80533634031773,1.66208867703096
1.72048102304946,1.68056650983256
1.63657998471223,1.69351216586765
1.55397428336628,1.70087568720555
1.4730005640977,1.70262874303821
1.39398958638215,1.69876488586515
1.31726471255054,1.68929976955461
1.24314037664386,1.67427131073238
1.17192055622075,1.6537397738144
1.10389727150875,1.62778776038203
1.03934913659164,1.59652008541662
0.978539986146302,1.56006352597307
0.92171759874491,1.51856643190423
0.869112534171652,1.47219819291768
0.820937097889854,1.42114856118898
