0.70810271145411,1.53039165139493
0.660321233321401,1.46937294242162
0.617812956403824,1.40369242286872
0.580744956711532,1.33362058865622
0.549260941913476,1.25944604215328
0.523480912940452,1.18147403751058
0.503500960288869,1.10002494930379
0.489393177953096,1.01543268854197
0.48120567801441,0.928043088233132
0.478962690184488,0.838212277908275
0.482664732767398,0.74630506312108
0.492288844252183,0.652693322301034
0.507788867758462,0.557754429760814
0.529095783535907,0.461869710408347
0.556118087422449,0.365422928985298
0.588742215421964,0.268798814562071
0.626833016273008,0.172381619599502
0.670234275024325,0.0765537121016494
0.718769291253057,-0.0183058008624097
0.772241515748101,-0.111822419829195
0.830435249350368,-0.203627570945024
0.893116407313009,-0.293359895905994
0.960033352120439,-0.380666513894679
1.03091779725301,-0.465204255109055
1.10548578392894,-0.546640865123135
1.18343873237477,-0.624656179061215
1.26446456860868,-0.698943264360302
1.34823892697762,-0.769209530665317
1.4344264276719,-0.83517780506774
1.52268202706288,-0.896587370388442
1.6126524369183,-0.953194963473635
1.70397760634369,-1.00477572951217
1.79629225774167,-1.05112412723331
1.88922746530434,-1.092054778595
1.98241226175648,-1.12740325535548
2.07547525649752,-1.15702679389555
2.16804624622741,-1.18080492900014
2.25975779786756,-1.19864003717637
2.35024678335406,-1.21045778061383
2.43915584687488,-1.21620744415615
2.52613478744553,-1.21586215965786
2.61084184335231,-1.20941901477226
2.69294486979981,-1.1968990463972
2.77212240681438,-1.17834712246452
2.84806464069846,-1.15383171920634
2.92047426863703,-1.12344460414204
2.98906728190636,-1.08730043747918
3.0535736880024,-1.04553630611173
3.11373819540144,-0.99831120469816
3.16932088619243,-0.945805477269149
3.2200979012067,-0.888220230426169
3.26586215941249,-0.825776725549747
3.30642412831704,-0.758715752771442
3.34161265519418,-0.687296984124388
3.37127586057634,-0.611798297714235
3.3952820862066,-0.532515059445467
3.41352088023811,-0.449759344313485
3.42590399363936,-0.363859076017966
3.43236635425268,-0.275157062079541
3.43286697941926,-0.184009902044628
3.4273897850578,-0.0907867488867668
3.41594424891024,0.00413209167001216
3.39856588847815,0.100356732675445
3.37531651986142,0.197489449077797
3.34628427194039,0.295126584195377
3.31158334056643,0.392860601914902
3.27135347892914,0.490282257961067
3.22575923222003,0.586982855570922
3.17498893623838,0.682556544561735
3.11925350983041,0.776602618635246
3.05878507926177,0.868727764192606
2.99383547819251,0.958548215131461
2.9246746694595,1.04569177203847
2.85158913421732,1.12979965064449
2.77488027024201,1.2105281329466
2.69486283470191,1.28755000442813
2.61186345800148,1.36055577161289
2.52621924512864,1.42925466499962
2.43827647011332,1.49337544246303
2.34838935860167,1.55266701676616
2.25691894400071,1.60689893731003
2.1642319748833,1.65586176022159
2.07069984593764,1.69936734211734
1.97669752206749,1.73724909135915
1.88260242543982,1.76936220653729
1.78879325824057,1.79558392565876
1.69564873932181,1.81581380163672
1.60354624029854,1.82997401082526
1.51286031533651,1.8380096922399
1.42396112813259,1.83988930645874
1.33721278867847,1.83560499566594
1.25297162060808,1.8251729204209
1.17158438665298,1.80863354490498
1.0933865045049,1.78605184083125
1.01870028792652,1.75751738093206
0.947833248168076,1.72314429581433
0.88107648873627,1.68307107268532
0.818703222593792,1.63746018056535
0.760967435351187,1.58649751359899
0.70810271145411,1.53039165139493
