0.867696477557185,1.37583897512101
0.825900086668681,1.32259493121282
0.788702242992469,1.26527964170568
0.75624963855277,1.20412819992152
0.72866888811711,1.13939133836226
0.706066163481142,1.071334241334
0.688526936832719,1.00023529135459
0.676115824070513,0.92638476495542
0.668876518554919,0.850083492787595
0.666831806051354,0.771641497658452
0.669983652462286,0.691376622426418
0.678313357181735,0.609613157745748
0.691781766381524,0.52668047765004
0.710329542095712,0.442911689044196
0.733877484471723,0.358642299458029
0.762326905896646,0.274208905982055
0.795560056813189,0.189947907198912
0.833440603875565,0.106194239146965
0.875814161657363,0.0232801358797872
0.922508879432256,-0.0584660850319966
0.97333608464177,-0.138721211731754
1.02809098458524,-0.217168301604566
1.08655342765568,-0.293497818475772
1.14848872513024,-0.367408742628136
1.21364853411912,-0.438609652546538
1.28177180177841,-0.50681977705372
1.3525857702834,-0.571770016240074
1.42580704131336,-0.63320392929562
1.50114269788912,-0.690878687001398
1.57829148031401,-0.744565986213064
1.65694501169494,-0.794052923165732
1.73678906708929,-0.839142821857386
1.81750487878787,-0.879656013159922
1.89877046869059,-0.915430559713338
1.98026199727155,-0.946322921147743
2.06165511739563,-0.972208553827558
2.14262632038054,-0.992982439201816
2.22285426132974,-1.00855953504347
2.30202105100533,-1.01887514441947
2.37981350244062,-1.02388519817222
2.455924322133,-1.02356644799668
2.53005323797423,-1.01791656880866
2.6019080589643,-1.00695417092354
2.6712056650548,-0.99071872447014
2.73767292895843,-0.969270400294754
2.80104757518469,-0.942689833199432
2.86107898463871,-0.91107781454073
2.91752895557418,-0.874554921848632
2.97017243327408,-0.833261093103891
3.01879822134846,-0.787355152581765
3.06320968686499,-0.737014293738981
3.10322546963317,-0.682433522563361
3.13868020291449,-0.623825062262397
3.1694252487958,-0.561417717337238
3.19532944670041,-0.495456192215407
3.21627986835686,-0.426200356968771
3.232182567384,-0.353924450495666
3.24296330689096,-0.278916210149654
3.24856824452852,-0.201475916359199
3.24896455161592,-0.121915341443687
3.24414094157997,-0.040556593649641
3.23410808315755,0.0422691496278725
3.21889887568417,0.12622302154009
3.19856856724878,0.210959955790936
3.17319470134474,0.296130279166987
3.14287688357831,0.381381393493547
3.10773636661427,0.466359528862269
3.06791545838416,0.550711545548909
3.02357676517665,0.634086758588333
2.97490228710518,0.716138756782133
2.92209238819099,0.796527187180097
2.86536466658184,0.874919476894887
2.8049527520314,0.95099246645923
2.74110505760513,1.02443393268254
2.67408351070456,1.09494398386823
2.60416228509585,1.16223631598504
2.53162655098727,1.22603932455299
2.45677125471416,1.28609707318046
2.37989993370846,1.34217012544899
2.30132356662268,1.39403625179217
2.22135945320285,1.44149102682728
2.14033011416276,1.48434833503263
2.05856219822257,1.52244080358707
1.9763853818502,1.55562018058516
1.89413124717153,1.58375767480943
1.8121321249589,1.60674426998754
1.73071989240786,1.62449102227659
1.65022471930883,1.63692934495803
1.57097376087272,1.64401127938055
1.49328980048831,1.64570974644762
1.41748985066969,1.6420187687715
1.34388372500745,1.6329536503118
1.27277259773098,1.61855109811149
1.20444757025577,1.59886926976902
1.13918826565944,1.57398773057619
1.07726147233274,1.54400730574324
1.01891985711855,1.5090498156719
0.964400766210647,1.46925768560025
0.913925129136613,1.42479342485645
0.867696477557186,1.37583897512101
