0.787921452744167,1.45312698072156
0.743130088366813,1.39599691298995
0.703274262465336,1.33450048969832
0.668510898876969,1.2688904419093
0.63897521873434,1.19943636148452
0.61478038294995,1.12642338604955
0.596017256247712,1.05015081228982
0.582754280092626,0.970930657026706
0.575037441656454,0.889086184334548
0.572890326644232,0.804950415029945
0.576314245205073,0.718864632432407
0.585288422038717,0.631176895609183
0.599770243955903,0.542240568611466
0.619695560338789,0.452412871685936
0.644979033993583,0.362053458258234
0.675514541653445,0.271523019731927
0.711175624790637,0.181181918868539
0.751815992400401,0.0913888517000308
0.797270078038965,0.00249953752075905
0.84735365368306,-0.0851345635714746
0.90186450299772,-0.171167505962866
0.960583156427548,-0.255260086729637
1.02327369022959,-0.337081046511937
1.08968459118891,-0.416308242468441
1.15954968831908,-0.492629792421365
1.2325891523385,-0.565745189031998
1.30851056309492,-0.635366382586341
1.38701004433237,-0.701218830678794
1.46777346420225,-0.763042512713213
1.55047769866821,-0.820592906656144
1.63479195342167,-0.873641924855157
1.72037913812785,-0.921978804980817
1.80689728482086,-0.965410951300458
1.89400100016803,-1.0037647206135
1.98134293927929,-1.03688614636714
2.06857528692954,-1.0646415938412
2.15535123069183,-1.08691833896108
2.24132640974355,-1.10362506337604
2.32616032317731,-1.11469225901088
2.40951768264586,-1.12007253640416
2.49106969614916,-1.11974083277804
2.57049527270277,-1.1136945178767
2.64748214138862,-1.10195339803859
2.72172788267199,-1.0845596215562
2.79294087458176,-1.06157749091132
2.8608411610435,-1.03309318971709
2.92516125394308,-0.999214433917863
2.98564688399565,-0.960070057783561
3.04205771785013,-0.915809545328538
3.09416805978784,-0.866602516895592
3.14176755569267,-0.812638178769622
3.18466191461574,-0.754124740911385
3.22267365930536,-0.691288804411984
3.25564291173644,-0.624374716328669
3.28342821329443,-0.553643885503204
3.30590737229706,-0.479374049156284
3.32297832449601,-0.401858476874777
3.33455998564706,-0.321405096417266
3.34059306971728,-0.238335524853436
3.34104084229818,-0.15298398913104
3.33588977670114,-0.0656961223249479
3.32515008027487,0.0231723744670634
3.30885606079207,0.113257209522842
3.28706630721575,0.204187115941066
3.25986366551717,0.29558559699878
3.22735499806202,0.387072786176594
3.18967072387174,0.478267399789039
3.14696414618053,0.568788754149272
3.09941058249175,0.65825881447364
3.0472063201521,0.746304239685777
2.99056742674445,0.832558386188552
2.92972844890038,0.916663234670298
2.86494103515711,0.998271207078176
2.79647251811351,1.07704684584775
2.72460448844607,1.15266833399984
2.64963138857948,1.22482884235732
2.5718591473782,1.29323769836291
2.49160386967111,1.35762137921385
2.40919058635731,1.41772433969219
2.32495206291216,1.47330969162594
2.23922765694217,1.52415975692011
2.15236220957259,1.57007651922447
2.06470495132469,1.61088200037899
1.97660840103273,1.64641858678146
1.88842723637611,1.67654932789446
1.80051711669817,1.7011582245364
1.71323344272474,1.7201505187876
1.62693004321429,1.73345299077627
1.54195778499453,1.74101426082289
1.45866310972842,1.74280508894804
1.3773865075499,1.73881865807733
1.29846094388861,1.72907082282013
1.22221026090508,1.71360030275596
1.14894757863238,1.69246879790631
1.07897372294309,1.66576100453392
1.01257570775031,1.63358451149652
0.950025297467392,1.59606956086694
0.891577672880442,1.55336866110077
0.837470219522296,1.5056560463048
0.787921452744167,1.45312698072156
