0.80167887983679,1.43980312438925
0.757403542307832,1.38334325379657
0.718005595040576,1.32256793105674
0.683640203167895,1.25772683755682
0.654441112127034,1.18908630320098
0.630520288002484,1.11692801419272
0.611967677215107,1.04154765006396
0.598851073576428,0.963253468686373
0.591216080473811,0.882364856908201
0.589086156557968,0.799210862655893
0.592462734592481,0.714128722048397
0.601325404887109,0.627462392528681
0.615632156754713,0.539561100443944
0.635319673500352,0.450777909095229
0.660303678395387,0.36146831117608
0.690479330777313,0.271988847823596
0.725721672764718,0.182695755255268
0.765886128052646,0.093943639153207
0.810809054866991,0.00608417653567527
0.860308355450109,-0.0805351552519332
0.914184144486742,-0.165572322677776
0.972219478727714,-0.248691953294774
1.03418114978924,-0.329566525829782
1.09982054174021,-0.407877532462004
1.16887455465569,-0.483316612369446
1.24106659480333,-0.555586655354563
1.3161076315086,-0.624402874096654
1.39369731996827,-0.689493843282774
1.47352518830011,-0.750602503500326
1.55527188589027,-0.807487127298306
1.63861048861253,-0.8599222442224
1.72320785476248,-0.907699520907995
1.80872602363511,-0.950628591510345
1.89482364667889,-0.98853783292749
1.98115743922673,-1.02127507851927
2.06738363910784,-1.04870826345149
2.15315945717322,-1.07072599450901
2.23814450410606,-1.08723803732659
2.32200217799618,-1.098175714558
2.40440099814787,-1.10349220958065
2.4850158725101,-1.1031627719052
2.56352928893667,-1.0971848224615
2.6396324240838,-1.08557795924669
2.71302616793154,-1.06838386627926
2.78342206639726,-1.04566613120184
2.85054318896054,-1.01750997899247
2.91412493227454,-0.98402193085809
2.97391577403511,-0.945329398299594
3.02967799358314,-0.901580222405358
3.08118837656131,-0.852942167567566
3.12823892026179,-0.799602377021146
3.17063755402942,-0.741766794964913
3.20820888530049,-0.679659556713351
3.24079497676401,-0.613522344598144
3.26825615405821,-0.543613703505577
3.2904718367863,-0.470208306350749
3.30734137895153,-0.393596156811263
3.31878489869908,-0.314081714606565
3.32474407202946,-0.23198292779287
3.32518286137654,-0.147630157142044
3.32008814798693,-0.0613649797728586
3.30947023713266,0.0264611372288698
3.29336320741661,0.115488297587467
3.2718250797052,0.205349769488202
3.24493778730003,0.295673704012876
3.21280693644338,0.386084963501908
3.17556135463263,0.476207038500756
3.13335243290292,0.565664026240942
3.08635327660634,0.654082639124725
3.03475768666337,0.741094208800137
2.97877899925398,0.826336650391234
2.91864881602303,0.909456352414077
2.85461565882053,0.990109960841125
2.78694358266797,1.06796603050523
2.71591077810522,1.14270652325087
2.64180818956554,1.21402813952107
2.56493817033834,1.28164347790661
2.48561318751828,1.34528202503018
2.40415458269008,1.4046909854405
2.32089138657215,1.45963596744527
2.23615917903063,1.50990154559028
2.15029898029846,1.55529172349057
2.0636561553026,1.59563032176641
1.97657931098462,1.63076131491699
1.88941916650402,1.66054913820897
1.80252737818371,1.6848789813362
1.71625530477861,1.70365708010315
1.63095270377675,1.716811011162
1.54696635552679,1.72428998839633
1.46463861851871,1.72606515339838
1.38430592559671,1.72212984709896
1.30629723675487,1.71249984536805
1.23093246902216,1.6972135385996
1.15852092744776,1.67633203408805
1.08935976313794,1.64993916043331
1.02373248459147,1.61814135518004
0.961907547285552,1.58106742020104
0.904137043754096,1.53886813367295
0.850655512549756,1.49171571250637
0.80167887983679,1.43980312438925
