0.82368806440531,1.41848351277397
0.78023867089182,1.36309579280833
0.741573671240254,1.30347404585836
0.707845411868581,1.23986308150836
0.679185269878402,1.1725240196693
0.655703290622066,1.10173303415064
0.637487941138367,1.0277800269678
0.624605968490514,0.950967251024832
0.617102351730448,0.871607897862793
0.615000336699687,0.790024665547979
0.618301544000669,0.70654831969572
0.626986142045482,0.621516258298354
0.641013078912851,0.535271088654914
0.660320368631228,0.448159222461976
0.684825429294581,0.360529493157589
0.714425471984395,0.272731798003599
0.748997940737593,0.185115766187897
0.788401004730523,0.0980294534240917
0.832474104448547,0.0118180630816223
0.881038553914071,-0.0731773062711693
0.933898201106228,-0.156620886964082
0.990840148582151,-0.238183441814983
1.05163553605551,-0.317543436797986
1.1160403863403,-0.394388186090497
1.18379651564243,-0.468414968524655
1.25463250867187,-0.539332114206423
1.32826475842769,-0.606860059799825
1.40439856973799,-0.670732370674899
1.48272932467584,-0.730696727752094
1.56294370678973,-0.786515876415036
1.64472097967074,-0.837968534294251
1.72773431375181,-0.884850254055008
1.81165215345214,-0.926974236587138
1.89613961494148,-0.964172089253582
1.98085990303515,-0.996294523189804
2.06547573420129,-1.02321198315418
2.14965075153751,-1.04481520320958
2.23305091702157,-1.0610156816585
2.31534586650218,-1.07174606922451
2.39621021387051,-1.07696046550389
2.47532479267854,-1.07663462019038
2.55237782611498,-1.07076603744058
2.6270660195998,-1.05937398388789
2.69909557412695,-1.04249940307395
2.76818312261473,-1.02020474126153
2.83405659560798,-0.992573691519269
2.89645602638186,-0.959710864426135
2.95513430849018,-0.921741394554653
3.00985792078017,-0.878810491924309
3.06040763561909,-0.831082946797385
3.10657922539256,-0.778742594521211
3.14818418019161,-0.721991744685779
3.18505044607896,-0.661050575826554
3.21702318860426,-0.596156493492939
3.24396558062834,-0.527563446012465
3.26575960741052,-0.455541189031642
3.28230687577057,-0.380374487234833
3.2935294084415,-0.30236223983756
3.29937039995716,-0.221816515773365
3.29979490698981,-0.139061485118573
3.29479044430232,-0.0544322353036592
3.28436745761983,0.0317265359909154
3.26855964682971,0.119061954811479
3.2474241169059,0.207214529853082
3.22104133959657,0.295819828323669
3.18951491584808,0.384510254496289
3.15297113669278,0.472916910718528
3.1115583483609,0.560671515396721
3.06544613511504,0.647408348358542
3.01482434019586,0.732766191362314
2.95990195081562,0.816390230603504
2.90090587695152,0.897933888983873
2.83807965551622,0.977060558635668
2.7716821112154,1.05344520857461
2.70198600310256,1.12677584810686
2.62927668172693,1.19675483334676
2.55385077619814,1.26310001144739
2.47601492392704,1.32554570439962
2.39608454878145,1.3838435410108
2.31438268648122,1.4377631514655
2.23123884979085,1.48709274330775
2.14698792092894,1.53163958048345
2.06196905497989,1.5712303880869
1.97652457621294,1.60571170464958
1.89099884918804,1.63495020131299
1.80573710830762,1.65883298328731
1.72108423286519,1.67726788396364
1.63738345932919,1.69018375634623
1.55497502817438,1.69753076056391
1.47419476856622,1.69928064057328
1.39537263013242,1.69542697820778
1.31883117646064,1.68598540881765
1.24488405944064,1.67099378015101
1.17383449681459,1.65051223500078
1.10597377711044,1.62462319851878
1.04157981643514,1.59343125289531
0.980915790441959,1.55706288513215
0.924228862316766,1.51566609762751
0.87174902410159,1.46940987591255
0.82368806440531,1.41848351277397
