0.710855813077852,1.52772774201624
0.663177361901249,1.46684316517745
0.620760456560766,1.4013069724905
0.583771824432969,1.33138904502374
0.552354882700385,1.25737732691954
0.526629399092876,1.17957637575989
0.506691286865739,1.09830583640602
0.492612517111492,1.01389886219363
0.484441131589023,0.926700505529886
0.482201340500196,0.837066097181513
0.485893691779609,0.74535963019604
0.495495301177732,0.651952160795439
0.510960135394598,0.557220235037629
0.532219343469484,0.461544346818136
0.559181634311337,0.365307430075375
0.591733700492577,0.268893385983234
0.629740690129018,0.172685644498888
0.673046729808616,0.0770657588456288
0.721475502153169,-0.017587968743245
0.77483088178869,-0.11090183154296
0.832897633376095,-0.202508034232463
0.895442175031992,-0.292045980751686
0.962213410050254,-0.379163534172857
1.03294362938596,-0.463518248177135
1.10734948690815,-0.544778569373354
1.18513304894564,-0.622625009436854
1.26598291907988,-0.696751285836073
1.34957543839317,-0.76686542968123
1.43557596036241,-0.832690858893138
1.52364019821451,-0.893967414380419
1.61341564077657,-0.950452356185036
1.70454303066347,-1.00192131560288
1.79665789610854,-1.04816919814835
1.88939212499326,-1.08901103099727
1.98237556686272,-1.12428274734101
2.07523764617417,-1.15384189907562
2.16760896799054,-1.17756828860404
2.25912289607884,-1.19536451040733
2.34941708315219,-1.20715639357205
2.43813493399083,-1.21289333771891
2.52492698448791,-1.21254853676939
2.60945218327528,-1.2061190876367
2.69137906735243,-1.19362598408024
2.77038682880679,-1.17511399938812
2.84616627589793,-1.15065146496376
2.91842069802274,-1.12032995497008
2.98686664986741,-1.08426388960482
3.05123467486507,-1.04259007105045
3.11126999143324,-0.995467166432231
3.16673316696695,-0.943075151090107
3.21740080394623,-0.885614723099769
3.26306625967644,-0.823306696369005
3.30354041619483,-0.756391375015001
3.3386525100123,-0.685127906442772
3.36825102305596,-0.609793605030172
3.39220462702183,-0.530683233076015
3.41040316402899,-0.448108221195802
3.42275863772536,-0.362395807136364
3.4292061815608,-0.273888070433869
3.42970496546872,-0.182940840750317
3.42423899920736,-0.0899224602343883
3.41281779044854,0.00478761516403081
3.39547681849306,0.100800384044653
3.37227779013387,0.197719038244582
3.34330865234658,0.295140863608837
3.30868334662023,0.392659285309457
3.26854130114081,0.489866031228249
3.22304666888326,0.586353378984343
3.17238733108872,0.681716445905253
3.11677369575627,0.775555477136895
3.05643732891365,0.867478085538121
2.9916294619524,0.957101398195384
2.92261942082884,1.04405406830181
2.84969302229011,1.12797811754204
2.77315097857792,1.20853058258419
2.69330734562968,1.28538494921642
2.6104880411854,1.35823236837201
2.52502944913401,1.42678265899847
2.43727711571579,1.49076511267584
2.34758453269702,1.54992912337119
2.25631199317366,1.60404467214154
2.16382549796918,1.65290270054034
2.07049568523398,1.69631540771305
1.9766967531974,1.73411650466768
1.88280534620634,1.76616145516843
1.78919937711512,1.79232772650922
1.6962567644558,1.81251506562078
1.60435407011773,1.82664580720127
1.51386503186128,1.83466521154513
1.42515899415964,1.83654182118239
1.33859924986387,1.83226781797871
1.25454131331867,1.82185935652128
1.17333115221847,1.80535684581834
1.095303410227,1.78282514978419
1.02077965490634,1.75435367770027
0.950066685721914,1.72005633868693
0.883454934903632,1.68007133888544
0.821216990018396,1.63456080610443
0.763606261648698,1.58371023361318
0.710855813077852,1.52772774201624
