0.691582999908324,1.54637452213986
0.643183480178355,1.48455096118274
0.600127112332959,1.41800441048551
0.56258306190461,1.34700905863394
0.530696776095142,1.27185746156454
0.504589650872621,1.19285905735306
0.484358835567322,1.1103386033526
0.470077156853892,1.02463456079333
0.461793144191485,0.936097449926611
0.459531140210635,0.845088195797089
0.463291481890384,0.751976481113045
0.473050741325396,0.657139118820784
0.48876201809911,0.560958453207958
0.510355278443091,0.463820794943414
0.537737739218141,0.366114892611649
0.570794297117856,0.268230441137102
0.609388005270887,0.17055662604975
0.653360600585931,0.0734807017743864
0.702533085793828,-0.0226133980738789
0.756706370295341,-0.117346420180491
0.815661973749204,-0.210345122111716
0.879162795963977,-0.301243574685323
0.946953956200233,-0.38968443624299
1.01876370452037,-0.475320198441452
1.09430440736776,-0.557814402814798
1.17327360909015,-0.636842827111511
1.25535517057598,-0.712094640222304
1.34022048544734,-0.783273524307282
1.4275297732406,-0.850098762412931
1.51693344760852,-0.912306289360419
1.60807355573469,-0.969649702934183
1.70058528285574,-1.02190123139371
1.79409851310299,-1.0688526521127
1.88823943494026,-1.11031615481179
1.98263217649721,-1.14612514153397
2.07690045334248,-1.17613495438777
2.17066920900732,-1.20022352133921
2.26356622715916,-1.21829191014569
2.35522369400772,-1.23026478103505
2.44527969050888,-1.23609073002727
2.53337959632431,-1.23574251688357
2.61917739128603,-1.22921717447249
2.70233684516256,-1.21653599970008
2.78253259254768,-1.19774442981713
2.85945109629643,-1.17291181158195
2.9327915096208,-1.1421310740787
3.00226645318062,-1.10551831861963
3.06760272870143,-1.06321234077661
3.12854199430175,-1.0153740999435
3.18484142838924,-0.962186150771728
3.23627440839835,-0.903852048318915
3.28263122767454,-0.840595734907334
3.3237198685407,-0.772660911750102
3.35936684228933,-0.700310392733521
3.38941809799713,-0.623825431811833
3.41373999228267,-0.543505009805423
3.43222030216023,-0.459665061544568
3.44476925377599,-0.372637620787044
3.45132053182765,-0.282769858599083
3.45183222856769,-0.190422991241567
3.44628768803812,-0.0959710362036562
3.43469620094879,0.000200600150615311
3.41709350853453,0.0976967130262034
3.39354207969757,0.196114068991731
3.36413113440757,0.295043346881758
3.32897639711312,0.39407123166657
3.28821957605849,0.492782633590328
3.24202757701933,0.590762996393748
3.19059147214123,0.687600651707626
3.13412525538364,0.782889172295024
3.07286442473293,0.876229675135249
3.00706443721579,0.967233026583282
2.93699908539902,1.05552190598325
2.86295884333831,1.14073269091874
2.78524922594153,1.22251713629233
2.70418919880032,1.3005438300139
2.62010966630707,1.37449941948807
2.53335205507923,1.44408961450622
2.44426699823771,1.50903998274721
2.35321311485217,1.5690965631194
2.26055586875542,1.62402632900312
2.16666648271935,1.67361753762476
2.07192087828036,1.71768000306426
1.97669860869476,1.75604532875081
1.88138175273926,1.78856713094288
1.78635374024686,1.81512127803293
1.69199808604555,1.83560616214359
1.59869701680946,1.84994301009111
1.50682998455153,1.85807623114073
1.41677207030944,1.85997378982282
1.32889229120626,1.85562758410906
1.2435518327542,1.84505380303846
1.16110223537271,1.82829323384719
1.08188356912049,1.80541148702314
1.00622263329891,1.77649910850322
0.934431217775378,1.74167155129982
0.866804460708348,1.70106898384944
0.803619333121644,1.65485591885847
0.745133274910747,1.60322065382396
0.691582999908324,1.54637452213986
