0.856695618470746,1.38650077314151
0.814485837356608,1.33272088978653
0.776921047208977,1.27482907359068
0.744149355711948,1.21306284360842
0.71629857134028,1.14767552522049
0.693475838192384,1.07893504580035
0.675767381578777,1.00712266339454
0.663238354803477,0.932531644515517
0.655932777197426,0.855465906386652
0.653873553792072,0.776238637617464
0.65706256792454,0.695170909499162
0.665480839381937,0.612590288081674
0.679088742250262,0.52882945510274
0.697826278268956,0.444224843844053
0.721613403062849,0.359115294212098
0.750350404018152,0.273840729865981
0.78391832971449,0.188740859082801
0.822179471684784,0.104153900266192
0.864977899847055,0.0204153325358646
0.912140053261204,-0.0621433283666987
0.963475387950538,-0.14319572862363
1.01877708343915,-0.222421848972481
1.07782280943496,-0.299509150851918
1.14037555376562,-0.374153695248443
1.20618451226368,-0.446061233183109
1.27498604079594,-0.514948266527049
1.34650466901826,-0.580543077571628
1.42045417468438,-0.642586725482062
1.49653871641365,-0.70083400740764
1.57445402170813,-0.75505438158755
1.65388862570088,-0.805032849271142
1.73452515463775,-0.85057079167605
1.81604164650127,-0.891486757569
1.89811289956275,-0.927617196425817
1.98041183811792,-0.958817131580356
2.06261088335684,-0.984960767389095
2.1443833163919,-1.00594202430274
2.22540462005659,-1.02167499592297
2.30535378631402,-1.03209432268529
2.38391457705702,-1.03715547777087
2.46077672776832,-1.03683496219614
2.53563708590518,-1.03113040770149
2.60820067887269,-1.02006058795899
2.67818170988572,-1.00366534060886
2.74530448366182,-0.982005404551119
2.80930426746817,-0.955162178586628
2.86992809627059,-0.923237408748492
2.92693553331385,-0.886352812338971
2.98009939913768,-0.844649646677127
3.02920648259629,-0.798288229809778
3.07405824677089,-0.747447418949866
3.11447154070944,-0.692324050258441
3.15027932476427,-0.633132340925214
3.18133141309881,-0.570103251535132
3.20749523197041,-0.503483803689134
3.22865658701475,-0.43353634505823
3.24472042736314,-0.360537751777218
3.25561158944201,-0.284778556592305
3.2612754991501,-0.206561990683534
3.2616788081506,-0.126202927737089
3.25680993854324,-0.0440267207067852
3.24667951037901,0.0396320752564753
3.23132062840775,0.12443109614846
3.21078900803377,0.210021676277741
3.18516292549303,0.296050461407517
3.15454298343639,0.382161114492894
3.11905168999173,0.467996095357749
3.0788328565065,0.553198491032755
3.03405082603818,0.637413869867657
2.98488955077745,0.720292130234268
2.93155154152308,0.801489313859567
2.87425671573711,0.880669354669934
2.8132411723663,0.957505736467812
2.74875592143109,1.03168303666076
2.68106559440943,1.10289833836908
2.61044715786808,1.1708624992082
2.53718864793291,1.23530127146585
2.46158793744723,1.29595627482661
2.38395154151555,1.35258582879328
2.30459346105994,1.40496565710492
2.22383405850529,1.45288948041274
2.14199895517758,1.49616951599641
2.05941793678048,1.53463690424723
1.97642385162899,1.5681420809939
1.89335148625684,1.59655511260513
1.81053640453654,1.61976600738674
1.72831373939112,1.6376850124047
1.64701693026016,1.65024289988267
1.56697640435346,1.65739124214821
1.48851820497564,1.65910266914602
1.41196257541022,1.65537109817436
1.33762251161007,1.64621192205343
1.2658023008972,1.63166213963503
1.19679606675701,1.61178041155227
1.13088634143999,1.58664702441813
1.06834268838728,1.55636374824507
1.00942039551071,1.52105357451301
0.95435925821529,1.48086032582459
0.903382467968863,1.43594813216757
0.856695618470746,1.38650077314151
