0.66955377273705,1.56768345372245
0.620330517341956,1.50478660180735
0.576543731203935,1.43708515825071
0.53836535966501,1.36485824485198
0.505943160088153,1.28840370038756
0.47940037716674,1.20803655373165
0.458835559501324,1.12408741809545
0.444322497871048,1.03690083296696
0.435910265936345,0.946833578065118
0.433623345738437,0.854252980326123
0.437461822985163,0.759535231003546
0.447401640363927,0.663063725782323
0.463394900629417,0.565227436740611
0.485370214637951,0.466419321344505
0.513233092566185,0.367034770645317
0.546866379066744,0.267470096591106
0.58613073497501,0.168121056892455
0.630865169376773,0.0693814151423462
0.680887626437419,-0.0283584662390602
0.735995631496717,-0.124713002344324
0.795967000694272,-0.21930273292265
0.860560617956914,-0.311755641154536
0.929517282674773,-0.401708444225604
1.0025606308996,-0.488807855334107
1.07939813244464,-0.572711816392305
1.15972216582137,-0.653090700448792
1.24321117243586,-0.729628482703272
1.32953089077418,-0.802023878813827
1.41833567030628,-0.869991448905481
1.50926986341939,-0.933262665184951
1.60196929178135,-0.991586940288087
1.69606278111727,-1.04473261241845
1.79117375552385,-1.09248788201964
1.88692187928814,-1.13466169326018
1.98292473094681,-1.17108455215054
2.07879949130435,-1.20160927184566
2.17416462464974,-1.2261116348194
2.26864153080237,-1.24449096132437
2.36185614517816,-1.25667057403194
2.45344046502612,-1.26259815007967
2.54303398247079,-1.26224595395371
2.63028500900167,-1.25561094762334
2.71485188143084,-1.24271477794938
2.79640404579664,-1.22360364534466
2.8746230227995,-1.19834806163948
2.94920326558176,-1.16704250872496
3.01985292741272,-1.12980501243086
3.08629456250398,-1.08677664789483
3.14826578719345,-1.03812099311971
3.20551993063068,-0.984023546325199
3.25782670355227,-0.924691120039462
3.30497291062081,-0.860351220756076
3.34676322619286,-0.79125141765788
3.38302104557644,-0.717658697777192
3.41358941433865,-0.63985879852364
3.43833202769972,-0.558155502340223
3.45713428129829,-0.472869872940093
3.46990434448822,-0.384339408694882
3.47657421867449,-0.292917086769599
3.47710073677765,-0.198970271875611
3.47146645634198,-0.102879466216699
3.45968039847742,-0.00503688231160995
3.44177858790274,0.0941551723379206
3.41782435572428,0.194286100725669
3.38790837586023,0.294939003758297
3.35214841758306,0.39569283076263
3.31068880968592,0.496124663939729
3.26369962533448,0.595812098471673
3.21137560974244,0.694335672715069
3.15393488442898,0.791281298136196
3.09161747111457,0.886242636792939
3.02468368459595,0.978823375468131
2.95341244676207,1.06863934998729
2.8780995730916,1.15532048054795
2.79905607862145,1.23851248855984
2.71660654288514,1.31787837686735
2.63108756332619,1.39309966748653
2.54284631502454,1.4638774032519
2.45223922218266,1.52993293115113
2.35963073469761,1.5910084948114
2.26539219224904,1.64686767091256
2.16990074949809,1.69729568874798
2.07353832987186,1.74209967347218
1.97669057242025,1.78110885174621
1.87974573653286,1.81417475374461
1.78309353277754,1.84117143826802
1.68712385440152,1.8619957586425
1.59222539253591,1.8765676769364
1.49878412812062,1.88483062360696
1.40718170417921,1.8867518898168
1.31779369246233,1.88232303107989
1.23098777783541,1.87156025422444
1.1471218914173,1.85450475534126
1.06654232885963,1.83122297466112
0.989581892971696,1.8018067352028
0.916558100047548,1.76637323537423
0.847771486861979,1.72506487113286
0.783504050690041,1.67804887031127
0.724017848347803,1.62551672969124
0.66955377273705,1.56768345372245
