0.697089780449602,1.54104701011862
0.648896251715251,1.479491744361
0.606022554453856,1.41323388399139
0.568637158127925,1.34254638602552
0.536884930744303,1.26772048773809
0.510886804057532,1.18906423169893
0.490739575336794,1.10690091347566
0.476515827935513,1.0215674767582
0.468263953058391,0.933412878687881
0.46600825648748,0.84279644524552
0.469749136319563,0.750086233017202
0.479463320652663,0.65565740986823
0.495104157306118,0.55989066334367
0.516601950759933,0.4631706422529
0.543864344303503,0.365884434086745
0.576776747712164,0.268420078776603
0.615202812524076,0.171165117868939
0.658984958150058,0.0745051774133995
0.707944952663079,-0.0211774173531783
0.7618845522796,-0.115504997241771
0.820586203385911,-0.208105875514183
0.883813810606128,-0.298615646122543
0.951313573962644,-0.386678453880485
1.02281489771649,-0.471948236176609
1.0980313730194,-0.554089935478953
1.17666183603774,-0.632780681627222
1.25839150265506,-0.707710942714961
1.34289318012806,-0.778585643148471
1.4298285550566,-0.845125247145514
1.51884955563691,-0.907066805427316
1.6095997843414,-0.964164962111589
1.70171601490325,-1.01619291782355
1.79482974484268,-1.06294334384654
1.88856879189079,-1.10422924082629
1.98255891974996,-1.13988473425924
2.07642547593802,-1.1697657979055
2.16979502228766,-1.19375089555147
2.26229693730817,-1.2117415313791
2.35356496932831,-1.2236626997154
2.44323872032609,-1.22946322621936
2.53096504272075,-1.22911599462393
2.61639933514097,-1.22261805590972
2.69920672814973,-1.2099906200858
2.7790631568262,-1.19127893434815
2.85565632358688,-1.16655205497831
2.92868656118665,-1.1359025235946
2.99786761193709,-1.09944596093579
3.06292734426359,-1.05732059293096
3.12360843128718,-1.00968672414583
3.17966901774246,-0.956726172645244
3.23088340094688,-0.898641677847421
3.27704274860563,-0.835656289170004
3.31795587104942,-0.768012738421878
3.35345005833417,-0.695972793336863
3.38337198394332,-0.619816583834866
3.407588667237,-0.53984188705223
3.42598847701436,-0.45636335244408
3.43848214937041,-0.369711644835537
3.44500378520404,-0.280232481616174
3.44551178695765,-0.188285540641824
3.43998969099252,-0.0942432179825515
3.42844685179037,0.00151078059054313
3.41091893705603,0.0985830237660674
3.38746819867209,0.196572115587987
3.35818349297477,0.295070624837965
3.32318003441317,0.393667164938797
3.28259887857885,0.491948597031333
3.23660614298622,0.589502320552989
3.18539198593716,0.68591860904641
3.12916937442721,0.780792944607391
3.06817268055963,0.873728302735805
3.00265615169987,0.964337340579372
2.93289230221757,1.05224444563639
2.85917027396359,1.13708760866938
2.78179420871719,1.21852009343142
2.70108166906586,1.29621188620466
2.61736213512646,1.36985091935648
2.53097559392999,1.43914407432902
2.44227122703888,1.50381797988811
2.35160619094422,1.56361963032643
2.25934447487016,1.61831685502639
2.16585581255292,1.66769867489298
2.07151461895854,1.71157558242665
1.97669892013945,1.74977978060144
1.88178924464974,1.78216541144947
1.78716744804208,1.80860879873162
1.69321544762672,1.82900872086726
1.60031385235636,1.84328672108734
1.50884048173908,1.85138745230915
1.41916877731356,1.85327904524782
1.33166611966741,1.8489534804577
1.24669207250566,1.83842693889883
1.16459658225042,1.82174010165728
1.08571816659613,1.79895836783681
1.01038212806369,1.77017196041391
0.938898828796249,1.73549589285036
0.871562060726353,1.6950697741651
0.808647541099615,1.64905743652403
0.750411557593626,1.59764637667132
0.697089780449602,1.54104701011862
