0.608955928677988,1.62627378646142
0.557469276410063,1.56042451196989
0.511676020770672,1.48954605189482
0.471755712802262,1.41393115388224
0.437862405740826,1.33389225466503
0.410124358490469,1.24975983273454
0.388643890922496,1.16188067909528
0.373497366960805,1.07061611709543
0.364735282145718,0.976340199296487
0.362382434681451,0.879437905116423
0.366438162450058,0.780303358042555
0.376876632649232,0.679338076052051
0.393647175116939,0.576949263945583
0.416674654624108,0.473548151956611
0.445859881113404,0.369548381500555
0.481080059811715,0.265364436410112
0.522189285238403,0.16141011648103
0.56901908437575,0.0580970495377624
0.621379014762707,-0.0441667616493703
0.679057323185993,-0.144978360624406
0.74182167017544,-0.243941228791201
0.809419924863567,-0.340666648368234
0.881581034109208,-0.434775037005056
0.958015969219456,-0.525897253663591
1.03841875316712,-0.613675874978815
1.12246757084935,-0.697766441150964
1.20982596455661,-0.777838670391581
1.30014411626087,-0.853577640914637
1.39306021741154,-0.924684939284147
1.48820192548247,-0.990879773467381
1.58518790442906,-1.05190004810485
1.68362944345181,-1.10750339826262
1.78313214508057,-1.15746817632209
1.88329766976022,-1.20159438480748
1.98372552010228,-1.23970454604144
2.08401484412526,-1.2716444977963
2.18376623354737,-1.29728410283731
2.28258349094322,-1.31651785969268
2.38007533871908,-1.32926540234776
2.47585704370649,-1.33547187798546
2.56955193390197,-1.33510819442059
2.66079278851122,-1.32817113241872
2.74922308882793,-1.31468332244718
2.83449812524584,-1.2946930902573
2.91628596435189,-1.26827418063314
2.99426828893062,-1.23552537319672
3.06814113209113,-1.19657000785342
3.13761553385128,-1.15155543985183
3.20241815367117,-1.10065244516108
3.26229187502601,-1.04405459570779
3.31699643773292,-0.981977620897438
3.36630913021336,-0.914658766888834
3.41002556725687,-0.842356158599166
3.44796056950029,-0.765348161865732
3.47994914934753,-0.683932735193522
3.5058475952466,-0.598426752781139
3.52553463308321,-0.509165273778438
3.53891263099421,-0.416500727691458
3.54590880319201,-0.320801983116316
3.54647636036448,-0.222453266995611
3.54059554963686,-0.121852904579906
3.52827452645692,-0.0194118562322063
3.50955000429764,0.0844479641298197
3.4844876356313,0.189295593309304
3.45318208876009,0.294693137854925
3.41575679903417,0.400198086946352
3.37236338875176,0.505365785702032
3.32318076645689,0.609752024270463
3.26841393219971,0.712915689122305
3.20829252940369,0.814421417033011
3.14306919522797,0.913842189877044
3.07301776887424,1.01076180982233
2.99843142061254,1.10477719979926
2.91962076317113,1.19550048290578
2.83691200169165,1.28256080610386
2.75064516917492,1.36560588733668
2.66117248201963,1.44430328005427
2.56885683590703,1.51834136399507
2.4740704470796,1.58743008484844
2.37719362922181,1.65130147711981
2.27861368284806,1.70971001330589
2.17872386336077,1.76243282776454
2.07792238655672,1.80926986511377
1.97661142683869,1.85004400060115
1.87519606391139,1.88460117393196
1.77408313815401,1.91281056908605
1.67367998270132,1.93456486146765
1.57439301080196,1.94978054124978
1.47662614933212,1.95839830900256
1.38077912238699,1.96038352763212
1.28724560159203,1.95572670421276
1.19641125117863,1.94444396722102
1.10865170510928,1.92657749951053
1.0243305199834,1.90219588538473
0.9437971507287,1.8713943313521
0.867384996084578,1.83429472434948
0.795409557780229,1.79104549793775
0.728166751512804,1.74182128557736
0.665931399942723,1.6868223498345
0.608955928677989,1.62627378646142
