0.694336416452595,1.54371078007825
0.646039889363371,1.4820213681131
0.603074853510434,1.41561916423409
0.565610126446382,1.34477774115626
0.533790865857272,1.26978899538388
0.507738235704891,1.19096166713112
0.487549209400023,1.10861978275033
0.473296492070453,1.02310104460116
0.465028544157496,0.934755191292667
0.462769689966658,0.843942348267487
0.466520297120541,0.751031385122225
0.476257015782845,0.656398292232451
0.491933069703685,0.560424585504088
0.51347859426896,0.463495744683997
0.540801019566367,0.365999687833402
0.573785498827353,0.268325282416822
0.612295384369107,0.170860892019197
0.656172754324654,0.0739929569317856
0.705238994061423,-0.0218953933606169
0.759295436348525,-0.116425697544807
0.818124064166559,-0.209225490972647
0.881488279690039,-0.299929605967692
0.949133742521129,-0.388181444048301
1.0207892797871,-0.473634219681143
1.09616787025825,-0.555952174815753
1.17496770417391,-0.634811763200343
1.25687331991398,-0.709902803287992
1.34155681792531,-0.780929598330835
1.42867915129848,-0.847612021938898
1.51789149099623,-0.909686566870955
1.60883666190037,-0.966907354075604
1.70115064356387,-1.01904709800234
1.79446412689221,-1.06589802299545
1.88840411507013,-1.1072727242608
1.9825955541031,-1.14300496559529
2.07666297561948,-1.17295040496198
2.17023213237466,-1.19698723826417
2.26293160551108,-1.21501675149364
2.35439436232518,-1.22696377194194
2.44425924427778,-1.23277701045255
2.53217236736476,-1.23242928876503
2.61778842073062,-1.22591764878503
2.70077185441371,-1.21326334394125
2.78079795308423,-1.19451171642131
2.85755379917853,-1.16973196770676
2.93073913545609,-1.13901683311343
3.00006714316519,-1.10248217364039
3.06526515714333,-1.06026650002699
3.12607534278557,-1.01253044426286
3.18225536146552,-0.959456192741636
3.23357905040144,-0.901246892765132
3.27983714001147,-0.838126040296232
3.32083802657315,-0.770336851965846
3.35640861077313,-0.698141618726172
3.38639520396501,-0.621821032671222
3.41066449426775,-0.541673472941391
3.42910455476454,-0.458014231835061
3.44162586678642,-0.371174658780627
3.44816232336044,-0.281501198111793
3.44867217206377,-0.189354296950151
3.443138853311,-0.0951071620865206
3.43157168987744,0.000855650458925744
3.4140063863646,0.0981398227419382
3.39050530323781,0.196343040238236
3.36115747865769,0.295056926980409
3.326078382014,0.393869132434991
3.28540939510252,0.492365542596766
3.23931702939178,0.590132579373247
3.18799189988765,0.686759545667753
3.13164748682489,0.781840969205783
3.07051872499934,0.874978896484409
3.00486046637124,0.965785089457717
2.9349458642048,1.05388308168183
2.86106472629756,1.13891005738787
2.78352188089871,1.22051852588061
2.70263559207345,1.29837777415264
2.61873605212559,1.3721750919121
2.53216396800034,1.44161677453389
2.44326924722528,1.50642891994901
2.35240977782011,1.56635804443448
2.25995028659092,1.6211715490351
2.16626125208997,1.67065807248636
2.07171784286853,1.71462776777308
1.97669884886431,1.7529125378326
1.88158557399236,1.78536626160006
1.78676066114741,1.81186503500508
1.69260682654226,1.83230744323925
1.59950548806978,1.84661487131422
1.50783528150429,1.8547318503723
1.41797046808518,1.85662642814189
1.33027924656362,1.85229054403484
1.24512199139923,1.84174038322915
1.16284944583182,1.82501668007957
1.08380090353936,1.80218493957623
1.00830241523121,1.77333554635751
0.936665056721285,1.73858373381822
0.869183292886051,1.69806939081111
0.806133467722815,1.65195668985903
0.747772444918736,1.60043352812854
0.694336416452595,1.54371078007825
