0.592424763637348,1.64225061337423
0.54032129673018,1.57559592129647
0.493981377993093,1.50385073915648
0.453586622308869,1.42731154656871
0.41929278470817,1.34629478013152
0.391229473038635,1.26113515167573
0.369500015380503,1.17218388387162
0.354181456830935,1.07980689548825
0.345324661146318,0.984382965333071
0.342954495259807,0.886301899384865
0.347070078432897,0.785962720389791
0.357645082256879,0.68377189373801
0.374628072397859,0.58014159824707
0.397942887434957,0.475488045931159
0.427489054023928,0.370229851198668
0.463142240692287,0.264786447332673
0.504754754728008,0.159576546581323
0.552156087873359,0.0550166396175219
0.605153516991335,-0.0484804696659682
0.663532765718562,-0.150507097316456
0.727058732575094,-0.250662082700472
0.795476290285077,-0.348552163291624
0.86851116035251,-0.443793321119829
0.945870866349433,-0.5360121004527
1.02724576894525,-0.624846895890967
1.11231018538844,-0.709949209924903
1.20072359582458,-0.790984879013995
1.29213193832446,-0.867635267271359
1.38616899360999,-0.939598426695796
1.48245785902279,-1.00659022245161
1.58061250915287,-1.06834542084574
1.68023943768502,-1.12461873635614
1.78093937148593,-1.17518583236714
1.88230904391907,-1.21984426829372
1.98394301012061,-1.25841438372747
2.08543548287454,-1.29074010837099
2.18638216422451,-1.31668968512795
2.28638204550407,-1.33615629305985
2.38503914747437,-1.34905855723942
2.48196417305741,-1.35534093397659
2.57677604794407,-1.35497396251026
2.6691033291647,-1.34795437796503
2.75858546837408,-1.33430508495399
2.84487392476012,-1.31407499632983
2.92763313159772,-1.2873387468159
3.00654132985118,-1.25419629608905
3.0812912911046,-1.214772439831
3.15159095966891,-1.16921624984041
3.21716404922443,-1.11770046512177
3.27775063217655,-1.06042085469271
3.33310775958772,-0.997595569602938
3.38301014589891,-0.929464496455879
3.42725094574392,-0.856288617883998
3.46564264034844,-0.778349377451457
3.49801803892381,-0.695948037990097
3.52423138697194,-0.609405014163052
3.54415955953669,-0.519059152875042
3.55770330427834,-0.425266929755524
3.56478848791189,-0.328401526971036
3.56536729103564,-0.228851757546955
3.55941929149023,-0.127020804445759
3.54695237566789,-0.0233247488518891
3.52800342085566,0.0818091288235122
3.50263869961026,0.187944280314628
3.47095396884721,0.294637045386515
3.43307422098642,0.40143901076653
3.38915309107887,0.507899537425486
3.33937193112029,0.613568409693948
3.28393857943992,0.717998550249937
3.22308586787052,0.820748738738145
3.15706992123411,0.921386269252775
3.08616831162224,1.01948948343096
3.01067813342457,1.11465012144414
2.93091406383594,1.2064754424083
2.84720646779756,1.29459007803354
2.75989959651282,1.37863759782785
2.66934991565248,1.45828177980751
2.57592458420643,1.53320759630627
2.48000008888682,1.60312193897061
2.3819610233295,1.66775411932818
2.28219898731488,1.72685619054348
2.18111156991595,1.78020314149868
2.07910137271957,1.82759301582464
1.97657502559043,1.86884700594032
1.87394214804052,1.9038095658404
1.77161421396895,1.93234857688708
1.67000328585083,1.95435558903575
1.56952059560847,1.96974614673921
1.47057496241278,1.97846019529534
1.37357105144048,1.980462550683
1.27890749103334,1.97574340492957
1.1869748777216,1.96431883056213
1.09815370829432,1.94623124227376
1.01281228485949,1.92154977188343
0.931304642241673,1.89037051400045
0.853968547013391,1.85281660427009
0.781123614130417,1.80903809918975
0.713069580980251,1.75921163557391
0.650084770298345,1.70353985802249
0.592424763637349,1.64225061337423
