0.680568807747926,1.55702921130978
0.631757374555086,1.49466902674281
0.588335744743965,1.42754505581806
0.550474474654189,1.35593395233116
0.518320167902818,1.2801309119886
0.491995146458419,1.20044816649905
0.471597261093212,1.11721339939114
0.457199822380943,1.03076810939614
0.448851633653445,0.941465945087625
0.446577108849396,0.84967103132509
0.45037646067566,0.755756304276797
0.460225947602694,0.660101867776006
0.476078171574841,0.56309337984358
0.497862421608636,0.465120474677912
0.52548506141166,0.366575222481519
0.558829961593867,0.267850627283115
0.597758978862012,0.169339161455764
0.642112485769937,0.0714313348760496
0.691709955199166,-0.0254857034965053
0.746350603874063,-0.12102953356962
0.805814099010519,-0.214823803009212
0.869861331795536,-0.306499537835938
0.938235260914922,-0.39569642486872
1.01066182886524,-0.482064065642719
1.08685095333092,-0.565263201059439
1.16649759545142,-0.644966905785172
1.24928290627295,-0.720861751241512
1.33487545196911,-0.792648935841353
1.42293251740748,-0.860045380818246
1.51310148623085,-0.922784789489996
1.60502129374432,-0.980618667031654
1.69832394654434,-1.0333172967962
1.79263610005446,-1.08067066795451
1.88758068208849,-1.12248934782659
1.9827785474594,-1.15860529088875
2.07785014576831,-1.18887257524843
2.17241718215433,-1.21316805657378
2.26610424927789,-1.23139192923626
2.35854040843394,-1.24346818492108
2.44936069866347,-1.24934496027359
2.53820755517056,-1.24899476729366
2.62473212225045,-1.24241460308577
2.70859545114534,-1.22962593905223
2.78946957948284,-1.21067459342559
2.86703849580404,-1.18563049485414
2.94099899964096,-1.15458734822235
3.01106147408512,-1.11766221664173
3.076950593215,-1.07499503525432
3.13840599057885,-1.02674807288769
3.19518291671241,-0.973105356525018
3.2470529131049,-0.914272070973164
3.29380452698513,-0.850473942131264
3.33524408586298,-0.781956607133968
3.37119654321623,-0.708984968745834
3.40150639754335,-0.631842525202133
3.42603867685858,-0.550830660777476
3.44467997035145,-0.466267877288972
3.45733947919294,-0.378488943046238
3.46395005015704,-0.287843933905701
3.46446914957088,-0.194697141402308
3.45887973169615,-0.0994258255836203
3.44719095536546,-0.00241879513560491
3.42943870569654,0.0959251955550431
3.40568588387401,0.195199234020188
3.376022436955,0.294990213782555
3.34056511082143,0.3948809563887
3.29945692198205,0.494452462989135
3.25286635700855,0.593286258239273
3.20098632100651,0.690966782298153
3.14403286773626,0.787083782111106
3.08224375297289,0.881234651396771
3.0158768587685,0.973026670028711
2.9452085390159,1.06207909778672
2.87053193594204,1.14802508449876
2.79215531298777,1.23051336793059
2.71040044233386,1.30920974175438
2.62560107572408,1.383798287757
2.53810151601107,1.45398237828216
2.44825529492453,1.51948546588522
2.35642395089074,1.58005168653232
2.26297589023429,1.63544630974084
2.16828530657532,1.68545607336552
2.07273112732559,1.72988944202864
1.97669595329016,1.76857682645703
1.88056495764839,1.80137079643852
1.78472471390949,1.82814631317741
1.68956192846235,1.8488009981152
1.59546206150496,1.86325544551793
1.50280782973067,1.87145357610241
1.41197759436039,1.87336301946448
1.32334364811331,1.86897550480196
1.23727042372626,1.8583072329869
1.15411265399499,1.84139919886633
1.07421351851432,1.81831743099146
0.997902815029924,1.78915311682223
0.925495193486831,1.75402258465553
0.857288488583911,1.71306711873776
0.793562182223412,1.66645259075881
0.734576021138139,1.61436889861031
0.680568807747926,1.55702921130978
