0.86219615170372,1.38116992939069
0.820193054058027,1.32765797247125
0.782811724029959,1.27005442697757
0.750199561642145,1.20859559882495
0.722483778771264,1.14353351662925
0.699771033684892,1.07513473587711
0.682147175493931,1.00367907649415
0.669677089178821,0.929458309664469
0.662404631459587,0.852774809024939
0.660352648085084,0.773940180035614
0.663523063986207,0.693273879584784
0.6718970390142,0.611101835905083
0.685435183501489,0.527755076830738
0.704077829478555,0.443568372468895
0.727745354916478,0.358878896611248
0.756338559732069,0.274024909758198
0.789739093418137,0.189344465508396
0.827809935009241,0.105174141285464
0.870395926660385,0.021847793903199
0.917324362425153,-0.0603046597394867
0.968405633909901,-0.140958436554967
1.02343393439689,-0.21979505535409
1.08218802281298,-0.296503478525015
1.14443204860162,-0.370781226471224
1.20991643814822,-0.442335463732706
1.27837884290871,-0.510884055466522
1.34954514878003,-0.576156592701055
1.42313054550171,-0.637895384482299
1.49884065396137,-0.695856414677138
1.5763727081738,-0.749810260769218
1.65541678741277,-0.799542971471066
1.73565709251875,-0.844856899392634
1.81677325884201,-0.885571484383086
1.89844169669257,-0.921523982551923
1.98033694867314,-0.95257013544692
2.06213305200255,-0.978584773499903
2.1435048930394,-0.999462347728694
2.22412954082666,-1.01511738387658
2.30368754671276,-1.02548485373156
2.3818641980417,-1.0305204593181
2.45835071556867,-1.03020082697863
2.53284538661316,-1.02452361000387
2.60505462890612,-1.01350750033188
2.67469398345462,-0.997192151782858
2.74148903831355,-0.975638019170044
2.80517628865519,-0.948926119254826
2.86550394167772,-0.917157720728447
2.92223267741082,-0.880453971056144
2.97513637810486,-0.838955468003716
3.02400283942921,-0.792821782925089
3.06863447602937,-0.742230941429761
3.10884903206764,-0.687378864946705
3.14448030426608,-0.628478774099575
3.17537888085427,-0.565760551909994
3.20141289496143,-0.499470061900128
3.22246878572535,-0.429868413448535
3.23845205511392,-0.357231164543676
3.24928800358503,-0.281847450635753
3.25492242365326,-0.204019027822157
3.2553222275475,-0.12405921925958
3.25047598371405,-0.0422917555371571
3.24039433712606,0.0409504972650164
3.22511029025938,0.125326924101336
3.20467932511601,0.210490659541113
3.17917935161924,0.296090190586253
3.14871047375509,0.381771050487859
3.11339457158682,0.467177585158006
3.07337470425532,0.551954769249055
3.02881434580721,0.635750045443611
2.97989647168778,0.718215158254514
2.92682251857387,0.799007952878899
2.86981124356704,0.877794110480169
2.80909751039839,0.954248793666534
2.74493103012433,1.02805817975729
2.6775750818694,1.09892086443248
2.6073052356826,1.16654912421173
2.53440809482318,1.23067003250239
2.45918006917925,1.29102643026053
2.38192618550648,1.34737775818566
2.30295893423727,1.39950076241941
2.22259714721791,1.44719008960461
2.14116489629559,1.49025878963878
2.05899039952287,1.52853874538972
1.97640492009237,1.56188104801407
1.89374164304676,1.59015633443389
1.81133451629166,1.61325510019148
1.72951704530871,1.63108799661796
1.64862103495536,1.64358611638115
1.56897527649839,1.65070126641907
1.49090418316163,1.6524062224178
1.41472638256032,1.64869495472518
1.34075327905032,1.63958281221606
1.269287602895,1.62510664837367
1.20062196597616,1.60532487285858
1.13503744537439,1.58031741213763
1.07280221644704,1.55018556427223
1.01417025607301,1.51505173556186
0.959380134642142,1.47505905017578
0.908653912352038,1.43037082790184
0.862196151703721,1.38116992939069
