0.716361859132305,1.52239983965414
0.668889479048873,1.46178351854067
0.626655336647382,1.39653596953388
0.589825461716105,1.32692584450107
0.558542689986967,1.2532397717258
0.532926322199083,1.175780916291
0.513071916473156,1.09486746426485
0.499051197428117,1.01083105422889
0.490912065532008,0.924015177904839
0.488678691379095,0.834773568947034
0.492351681660997,0.743468595692354
0.501908306247796,0.65046967012963
0.517302778706062,0.556151681872065
0.538466585469376,0.460893462747093
0.565308861507192,0.365076284948777
0.597716812540151,0.269082393641663
0.63555618552845,0.17329357349785
0.678671790291372,0.0780897478564595
0.72688807573973,-0.0161523910731642
0.780009764404096,-0.109060722412579
0.837822548830763,-0.200269008280192
0.900093853108624,-0.289418177473595
0.966573662381359,-0.376157581201852
1.03699542275572,-0.460146220450071
1.11107701356207,-0.541053944207188
1.18852179343738,-0.618562617526844
1.26901972112466,-0.692367258175268
1.3522485511323,-0.762177140380263
1.43787510337822,-0.827716863854731
1.52555660457648,-0.888727385758749
1.61494209735896,-0.944967012543015
1.70567391096327,-0.996212347678168
1.79738918482244,-1.04225919015912
1.88972143369294,-1.08292337746735
1.98230214024647,-1.11804156550433
2.07476235856991,-1.1474719370314
2.1667343100369,-1.17109482953205
2.25785295180551,-1.18881327330862
2.34775749800108,-1.20055343116062
2.43609287464229,-1.20626493224059
2.52251109165589,-1.20592109464696
2.60667251888338,-1.19951903392076
2.6882470576737,-1.18707965770844
2.76691520522057,-1.16864755021263
2.84236901487252,-1.14429075339413
2.91431296176498,-1.11410045489871
2.98246472879351,-1.07819059504577
3.04655593265497,-1.03669740664554
3.10633281295763,-0.989778901684422
3.16155690885555,-0.937614317898854
3.212005747038,-0.880403535925663
3.25747356209995,-0.81836647417184
3.29777206541457,-0.751742464014924
3.33273127188237,-0.680789602765547
3.36220038577891,-0.60578407642416
3.3860487379384,-0.527019439129655
3.40416675737146,-0.444805831829089
3.41646695184737,-0.359469119567
3.4228848646879,-0.271349925298135
3.42337996966301,-0.180802538553484
3.41793646296068,-0.0881936797747893
3.40656391105889,0.00609889435076838
3.38929771608285,0.101687952877675
3.36619936578039,0.198178520422902
3.33735644326706,0.295169766566338
3.30288238164604,0.392257037467301
3.26291595980279,0.489034003550864
3.21762054730333,0.585094889335859
3.16718311753838,0.680036745317277
3.1118130582246,0.773461717796597
3.05174081636358,0.86497927104068
2.98721642018435,0.954208317325571
2.91850792307328,1.0407792142648
2.8458998138742,1.12433559510597
2.76969143431618,1.20453600598771
2.6901954380248,1.28105533390461
2.60773631713412,1.35358601964001
2.52264901264078,1.42183906044347
2.43527761413406,1.48554481699949
2.34597414423744,1.54445364756544
2.25509741381831,1.59833639847013
2.16301192647367,1.64698478404418
2.0700868055386,1.69021169027237
1.97669471424914,1.72785143499855
1.88321073986159,1.75976001356463
1.79001121539271,1.78581535270199
1.69747245789694,1.80591758784738
1.60596940934712,1.81998937046553
1.51587417460867,1.82797620312047
1.4275544599866,1.8298467916397
1.34137192465211,1.82559339639322
1.25768046523421,1.81523215899157
1.17682446040238,1.79880337697503
1.09913700691745,1.77637169753331
1.0249381811132,1.74802620199114
0.95453335999875,1.71388035557912
0.888211634235255,1.67407180157941
0.82624434139954,1.62876198487256
0.76888374259872,1.57813559670989
0.716361859132305,1.52239983965414
