0.628239852940979,1.60763287827748
0.577473074776974,1.54272314554693
0.532317894015543,1.47285572037603
0.492951448096641,1.39831900517774
0.459525796392657,1.31942078042411
0.432167613796982,1.23648659660738
0.410978032749622,1.14985808518876
0.396032611157025,1.05989121806392
0.38738140424639,0.966954542304317
0.385049120473016,0.871427413020863
0.3890353447863,0.773698242596345
0.399314816422186,0.674162779702338
0.415837752492878,0.573222426873578
0.438530212597267,0.471282601299563
0.467294503163147,0.368751140152905
0.502009623039893,0.26603674933814
0.5425317538817,0.163547493034001
0.588694800095059,0.061689320739618
0.640310983657007,-0.0391353714323154
0.697171499092853,-0.138529147944709
0.759047233516076,-0.236100911430176
0.825689556060764,-0.331467251728562
0.896831180430692,-0.424253766606684
0.972187103747568,-0.514096353787537
1.05145562443617,-0.600642473529869
1.13431944149794,-0.683552380809396
1.22044683709742,-0.762500326076521
1.30949294377528,-0.837175723482572
1.40110109664831,-0.907284285244747
1.49490426951437,-0.972549120339668
1.59052659174906,-1.03271179489424
1.68758494022977,-1.08753335045453
1.78569059731349,-1.13679527480118
1.88445096228719,-1.18030041825692
1.98347129995779,-1.21787384667526
2.08235650648616,-1.24936362073309
2.18071286957681,-1.27464149001817
2.27814979810409,-1.29360348994281
2.37428149554496,-1.30617042992125
2.46872855247875,-1.3122882626469
2.56111943606676,-1.31192832672497
2.6510918588515,-1.30508745827562
2.73829401525832,-1.29178797122867
2.82238568151382,-1.27207751058105
2.90303918282837,-1.24602878750091
2.97994024001633,-1.21373920939944
3.05278871555865,-1.17533042151052
3.12129928574266,-1.13094777870546
3.18520207028252,-1.08075976689794
3.24424325318028,-1.02495739225193
3.2981857281494,-0.963753553437595
3.34680979852455,-0.897382407501494
3.38991395529846,-0.826098733815766
3.42731574808969,-0.750177293495472
3.45885275302075,-0.669912174199911
3.4843836294419,-0.585616103024634
3.50378924508549,-0.497619703935041
3.51697383756239,-0.40627067154665
3.52386617009294,-0.311932830582206
3.52442063188004,-0.214985050441408
3.51861822929402,-0.115819987217027
3.50646741351782,-0.0148426311668961
3.4880046936841,0.0875313541482316
3.46329499169899,0.190877504605603
3.43243170545817,0.294764632071637
3.39553646030997,0.398757084537989
3.35275854346943,0.502417157823961
3.30427403154856,0.605307616314295
3.25028463628842,0.706994271819712
3.1910163068338,0.807048564106804
3.12671763748327,0.905050084451253
3.0576581369812,1.00058898498152
2.98412641857504,1.09326822158019
2.90642836903621,1.18270558639833
2.82488534976694,1.26853549705562
2.7398324744392,1.35041052256875
2.65161699607116,1.42800264003903
2.56059682299805,1.50100423012043
2.46713916893294,1.5691288322648
2.37161932838525,1.63211169176459
2.274419556208,1.68971013890638
2.17592801994099,1.74170384554847
2.07653778665382,1.78789500584321
1.97664580264803,1.82810848562332
1.87665182482197,1.86219197942401
1.77695726659729,1.89001620573949
1.67796392861875,1.91147516063939
1.58007259429032,1.92648643817058
1.48368148173527,1.93499161398682
1.38918455599553,1.93695667731956
1.29696971722422,1.93237248658211
1.20741689134213,1.92125521629327
1.12089605833318,1.90364675811859
1.03776525944581,1.87961503692854
0.95836862769204,1.84925420388613
0.883034486092071,1.81268467248583
0.812073555252573,1.77005296974719
0.745777306471073,1.72153138283008
0.684416489187486,1.66731739048865
0.628239852940979,1.60763287827748
