0.636503592136659,1.59964349717672
0.586045416353191,1.53513638738642
0.541163795508743,1.46570221588131
0.502034830781276,1.39162752565419
0.468809724309388,1.3132181049548
0.441614468813664,1.23079739580884
0.420549684211018,1.14470482193062
0.405690579298316,1.05529406494864
0.397087017105577,0.962931315199566
0.394763664501655,0.867993519563366
0.398720209703473,0.770866644351258
0.408931635073552,0.671943966563438
0.425348536568853,0.57162440231038
0.447897485046458,0.470310877174462
0.476481428032067,0.368408740014811
0.510980133305042,0.266324219317894
0.551250677643518,0.164462919691921
0.597127985300625,0.063228355422453
0.64842542132982,-0.0369794819962988
0.704935444886612,-0.135765524957369
0.766430327280179,-0.232741001306584
0.832662939006049,-0.327524777376798
0.903367609406503,-0.419744672719805
0.978261062073829,-0.50903874616923
1.0570434286641,-0.595056552483071
1.13939934338969,-0.677460368614594
1.22499912001202,-0.755926388565942
1.31350001252638,-0.830145885675859
1.40454755976496,-0.899826340955068
1.49777701270547,-0.964692535596262
1.59281484126431,-1.02448760497232
1.68928031474978,-1.07897405027276
1.78678714701398,-1.12793470245698
1.88494519382762,-1.17117363153438
1.98336218635984,-1.2085169924876
2.08164548119685,-1.23981379765261
2.17940380444946,-1.26493660429431
2.27624896555845,-1.28378210569707
2.37179751575502,-1.29627161451301
2.46567232704023,-1.30235142849737
2.55750407016717,-1.30199307113441
2.64693257445038,-1.29519340294134
2.73360805813311,-1.28197460323838
2.81719222519303,-1.26238402659993
2.897359232386,-1.23649394268
2.97379653842443,-1.20440117221326
3.04620565479045,-1.16622663529793
3.11430282411203,-1.12211483017274
3.17781965663887,-1.07223326128618
3.2365037576133,-1.01677183432391
3.29011937786934,-0.955942232955072
3.33844811665195,-0.889977287494785
3.38128969950473,-0.819130339740772
3.41846284545176,-0.743674601362946
3.44980622714987,-0.663902495967989
3.47517951596065,-0.58012496796933
3.49446449187443,-0.492670735336087
3.50756618686906,-0.401885458809615
3.51441402055264,-0.30813079780722
3.51496287967855,-0.211783323375516
3.50919408902237,-0.113233261414949
3.49711622063158,-0.0128830449557639
3.478765691779,0.0888543377234873
3.45420710894898,0.19155720234933
3.42353332543951,0.294797227174265
3.38686519298176,0.398141690820017
3.34435100224945,0.501155858017654
3.29616562219454,0.603405471591113
3.2425093626812,0.704459300881034
3.18360659780469,0.803891691424683
3.11970419760353,0.901285058587248
3.05106982283026,0.996232269229969
2.97799014053307,1.08833886038188
2.90076901721849,1.17722505196333
2.81972574144094,1.26252752134637
2.73519331923658,1.34390092017422
2.64751687460189,1.42101912748986
2.55705217414006,1.49357624685454
2.46416428112837,1.56128736777979
2.36922633070853,1.62388912254228
2.2726184057392,1.68114007753849
2.17472648301023,1.73282100322195
2.07594141273042,1.77873506805447
1.97665789092911,1.81870799978042
1.8772733848254,1.85258825195298
1.7781869751834,1.88024720550964
1.67979808676771,1.90157942501527
1.58250508758179,1.91650297781535
1.48670374877269,1.92495981268469
1.3927855689757,1.926916183532
1.30113597848779,1.92236309415767
1.21213244909213,1.91131673265022
1.12614254383711,1.89381885923634
1.04352194701825,1.86993710953605
0.964612517673245,1.83976517624142
0.889740409977553,1.80342283602684
0.819214301168263,1.76105579460042
0.753323762392892,1.71283533064708
0.692337800721338,1.65895772831874
0.636503592136659,1.59964349717672
