0.686076009076716,1.55170192254982
0.63747052119942,1.48961005529587
0.594231509169004,1.42277480106241
0.556528834145022,1.35147158069346
0.524508521867849,1.2759942696009
0.498292431712232,1.19665370223821
0.477978064178113,1.11377609861046
0.463638488348703,1.02770143829351
0.455322371060317,0.938781805348449
0.453054090996726,0.847379724445546
0.456833923340896,0.753866504820238
0.466638283645081,0.658620604741568
0.482420022867439,0.562026025322781
0.504108768751095,0.464470739029524
0.531611311628736,0.366345155350696
0.56481203513784,0.268040623910301
0.603573394128873,0.169947973847532
0.647736443223824,0.0724560875297055
0.697121420088722,-0.0240494935204551
0.751528387626036,-0.119187932354063
0.810737939103519,-0.212584431338946
0.874511969849927,-0.303871538649302
0.942594518679604,-0.392690426628837
1.01471268173284,-0.478692141650045
1.09057760096337,-0.561538824725023
1.16988552904287,-0.640904901877909
1.2523189719138,-0.716478243108845
1.33754790950387,-0.787961288580195
1.42523109410569,-0.855072140343804
1.51501742452162,-0.917545617419878
1.60654739221406,-0.975134271278937
1.69945459337579,-1.02760935775688
1.79336729810821,-1.07476176019056
1.88791006490551,-1.1164028571929
1.98270538560411,-1.15236532713448
2.07737534313725,-1.18250388024064
2.17154326214192,-1.20669590843901
2.26483533100605,-1.22484204288432
2.35688217359785,-1.23686660959108
2.44732034989665,-1.24271797490828
2.53579376716066,-1.24236877468586
2.62195498711127,-1.23581602383287
2.70546641974277,-1.22308110638515
2.78600140049656,-1.20420964993724
2.86324515426612,-1.17927129203419
2.93689565651839,-1.14835934951314
3.00666440816822,-1.11159040447481
3.07227714615337,-1.06910382222643
3.13347451539578,-1.02106121691391
3.19001272956469,-0.96764587949346
3.24166424748025,-0.909062180151684
3.2882184889918,-0.845534953371652
3.32948260881253,-0.777308868809606
3.36528233937409,-0.704647785364168
3.39546290475821,-0.627834079764182
3.41988999780292,-0.54716793521281
3.43845080232191,-0.462966570664618
3.4510550328236,-0.375563387709124
3.45763595596821,-0.285307010238032
3.45815135197416,-0.19256019240773
3.4525843708543,-0.0976985730346542
3.44094423810547,-0.00110925945465174
3.42326676743573,0.0968107691800122
3.39961464418224,0.195656440603249
3.37007745188766,0.295016541900658
3.33477142547594,0.394475827422316
3.29383892682671,0.49361725408835
3.24744765139641,0.592024307385391
3.19578958692598,0.689283374489664
3.13907975629015,0.784986116453633
3.07755478535957,0.878731789668206
3.01147134271742,0.970129468067692
2.94110450076684,1.05880012175914
2.86674606701898,1.14437851468183
2.78870293026749,1.22651489307448
2.70729545930228,1.30487644730695
2.62285598239398,1.3791485412519
2.53572736477177,1.44903571499455
2.44626168961855,1.51426247746925
2.3548190366566,1.57457391480046
2.26176634209398,1.62973614707169
2.16747631533931,1.67953667048444
2.0723263820862,1.72378462315206
1.9766976205164,1.76231101108198
1.88097365762178,1.79496892644686
1.78553949589276,1.82163378345098
1.69078024652038,1.84220358855688
1.59707975326212,1.85659925226016
1.50481910052576,1.86476493976183
1.41437500924113,1.86666844855638
1.32611813390508,1.86230159283493
1.24041128303595,1.85168056827929
1.15760759250585,1.83484626671834
1.07804868633477,1.81186450846129
1.00206286222697,1.78282616094452
0.929963339312197,1.74784711546303
0.862046603333495,1.70706809886571
0.798590880196985,1.6606543037025
0.739854762814366,1.60879482785405
0.686076009076716,1.55170192254982
