0.647521166886842,1.58899059698891
0.597474540332214,1.52502028179613
0.552957758632406,1.45616373750692
0.514145539583636,1.38270503047695
0.48118793985503,1.30494729570744
0.45421003956597,1.22321116718483
0.433311771938613,1.13783312817169
0.418567876907662,1.04916380957096
0.410027958018008,0.957566261959088
0.40771662380059,0.863414223268488
0.411633697731399,0.767090399819621
0.421754484445865,0.668984773884081
0.438030083697199,0.569492946593598
0.460387747246402,0.469014521118086
0.488731277158108,0.367951527849624
0.522941466645361,0.266706890976134
0.562876586553791,0.16568293433374
0.608372921793792,0.0652799237240194
0.659245362593124,-0.034105357165442
0.715288055485469,-0.132080999673316
0.776275118637415,-0.228261333644794
0.841961425612193,-0.322268262423854
0.912083461111862,-0.413732569570011
0.986360251721203,-0.502295196937214
1.06449437422623,-0.587608493370734
1.14617304366433,-0.669337433065518
1.23106928279253,-0.747160802512847
1.31884317400665,-0.820772354834318
1.40914319376556,-0.88988193004462
1.50160762814045,-0.954216539290883
1.595866066133,-1.01352141031407
1.69154096486559,-1.06756099024649
1.78824927770403,-1.11611990044125
1.88560413298155,-1.1590038364315
1.98321654749145,-1.19604040450444
2.0806971556168,-1.22707988495484
2.1776579322214,-1.25199591108006
2.27371388560106,-1.270686052611
2.3684846962172,-1.28307229271808
2.4615962778611,-1.28910138910027
2.55268224047297,-1.28874511198098
2.64138523806731,-1.28200035501805
2.7273581909429,-1.26888911900032
2.81026537826878,-1.24945837246843
2.88978340477889,-1.22377979770267
2.96560205310549,-1.19194943446017
3.037425040592,-1.15408723700345
3.10497070558999,-1.11033656196157
3.16797265264838,-1.06086360510013
3.22618038813477,-1.0058568039566
3.27935997733672,-0.945526220475367
3.32729475082579,-0.880102913364471
3.36978608190535,-0.809838304167267
3.40665424862036,-0.73500353441933
3.43773938361646,-0.655888804285176
3.46290250382147,-0.57280267636001
3.48202660033882,-0.486071322522732
3.49501775801388,-0.396037687449658
3.50180626477151,-0.303060540165678
3.50234766385258,-0.207513385199734
3.49662369815879,-0.109783207718639
3.4846430954907,-0.0102690324188411
3.46644214670114,0.090619716281155
3.44208503556894,0.192465055537405
3.41166388911715,0.294842478720392
3.375298529488,0.397323163822774
3.33313592246527,0.49947632498614
3.28534933228189,0.600871666639599
3.23213720638542,0.701081891894868
3.17372182630566,0.799685211668363
3.11034777073888,0.896267798973804
3.04228024368986,0.990426134188455
2.96980332350899,1.08176919182263
2.89321818773496,1.16992042713405
2.81284136392619,1.25451953130066
2.72900304855792,1.33522393606934
2.6420455252646,1.41171006195699
2.55232170111409,1.48367431724282
2.46019376623726,1.55083386720127
2.36603196907645,1.61292720340788
2.2702134877873,1.66971455077209
2.17312136883334,1.72097815468635
2.07514349725289,1.76652249204595
1.97667155990307,1.80617444787318
1.87809996335958,1.83978349411684
1.77982467194616,1.86722189937962
1.68224193818249,1.88838498853026
1.58574690714053,1.90319146020182
1.49073208697926,1.91158375894519
1.39758568937957,1.9135284881769
1.30668985479551,1.90901684083388
1.21841878750316,1.89806501748875
1.13313683361794,1.88071459706294
1.05119654100518,1.85703282345762
0.972936742986552,1.82711277243053
0.898680707849425,1.79107336668172
0.82873439353467,1.74905921297889
0.763384841860687,1.70124024270542
0.702898739759102,1.64781114580047
0.647521166886842,1.58899059698891
