0.754898326013331,1.48510140476016
0.708869086260096,1.42636254850684
0.667915022655382,1.36313512589773
0.632197270185353,1.29567920275627
0.601854576998587,1.22427221811734
0.577002953370865,1.14920761296305
0.557735447581664,1.07079338514605
0.544122034340366,0.989350591756044
0.536209601298813,0.905211818743452
0.534022020090871,0.818719635357058
0.537560290028358,0.730225048155029
0.546802744798779,0.640085966294693
0.561705314988956,0.548665686762228
0.582201841753161,0.456331405394785
0.608204439248077,0.363452757144925
0.639603905417844,0.270400387145572
0.676270182240575,0.177544552792355
0.718052867613913,0.08525375624823
0.764781781685838,-0.00610659357626336
0.81626759069189,-0.09617549050622
0.872302491328004,-0.184597612737377
0.932660958460591,-0.271024576929814
0.997100558631563,-0.355116164649932
1.06536283140959,-0.436541520662713
1.13717424019063,-0.514980322249297
1.21224719354594,-0.590123918454824
1.29028113760971,-0.661676437925293
1.37096371922494,-0.729355863717487
1.45397201855484,-0.792895073104149
1.53897384855696,-0.852042839896229
1.62562911707694,-0.906564796135052
1.71359124535704,-0.956244349170262
1.80250863453508,-1.00088354917264
1.8920261693475,-1.04030390111057
1.98178674591663,-1.07434711425396
2.07143280840406,-1.10287578149185
2.16060787768123,-1.12577398029848
2.24895805423291,-1.14294778718706
2.33613347747146,-1.15432569805149
2.42178972464616,-1.15985894796849
2.50558913465331,-1.15952172581375
2.58720204526413,-1.15331128136505
2.66630793646024,-1.1412479252854
2.74259647746832,-1.12337492530403
2.8157684803916,-1.09975830479662
2.88553676865113,-1.07048655254081
2.95162697333734,-1.03567025441826
3.0137782745932,-0.995441659008682
3.0717441079001,-0.949954189186647
3.12529285628833,-0.899381910880895
3.17420854883026,-0.843918968075418
3.21829158321617,-0.783778990017846
3.25735948583808,-0.719194472654091
3.29124771685018,-0.650416131826912
3.31981052051755,-0.577712221133365
3.34292181331251,-0.501367802952565
3.36047609426107,-0.421683957462908
3.37238935461014,-0.338976911872306
3.37859995759933,-0.253577070926212
3.37906945453256,-0.16582793027662
3.37378330089609,-0.0760848566040843
3.36275143624661,0.015286277547285
3.34600869410024,0.107910610616137
3.32361501299518,0.201405960045621
3.29565542698854,0.295384633265118
3.26223982261651,0.389455365432276
3.22350245918888,0.4832253600601
3.17960125950264,0.576302401872194
3.13071688790429,0.668297005880743
3.0770516413874,0.75882456321328
3.01882818644008,0.847507442941501
2.9562881791499,0.933977010243615
2.88969080829694,1.01787552463981
2.81931130068806,1.0988578875787
2.74543942488625,1.17659321595648
2.66837802405473,1.25076622671696
2.58844160133089,1.32107842690771
2.50595497257926,1.38724911280045
2.42125199224204,1.4490161902683
2.33467434904324,1.50613683594573
2.2465704202101,1.55838802427482
2.15729416627408,1.60556694899989
2.06720404388894,1.64749136881255
1.97666191177109,1.68399990565308
1.88603190495208,1.71495232080323
1.79567925495946,1.7402297886843
1.70596903805175,1.75973518166218
1.617264839804,1.77339337171231
1.52992733163436,1.78115154711423
1.44431276266562,1.78297953503077
1.36077137799954,1.77887011443268
1.27964578144717,1.76883929881884
1.20126926649192,1.75292656489125
1.1259641433667,1.73119500196234
1.05404009235632,1.70373135743355
0.985792573704773,1.67064595606992
0.921501322887045,1.63207247475051
0.861428956716428,1.58816755953858
0.805819711136488,1.53911027785247
0.754898326013331,1.48510140476016
