0.639258065490052,1.5969803141245
0.58890276850362,1.53260740686077
0.544112347526597,1.46331764692431
0.505062558072416,1.38939695787252
0.471904316177745,1.31115046431794
0.444763386736709,1.22890090592976
0.423740218347811,1.14298697096665
0.408909902953414,1.05376157805919
0.40032223905638,0.961590132331231
0.398001879249884,0.86684877820908
0.401948545825674,0.769922666852318
0.412137301917583,0.671204251489593
0.428518869574408,0.571091619459226
0.451019989962608,0.469986865768982
0.479543824270967,0.368294509737516
0.513970396617282,0.266419953891438
0.554157082236408,0.164767982789774
0.59993914545424,0.0637412987611848
0.651130332503638,-0.0362609084751112
0.707523524256258,-0.134844360865689
0.768891453600892,-0.231621061572239
0.834987491666346,-0.326210635999374
0.905546506509443,-0.418241644526157
0.980285797360512,-0.507352866576134
1.0589061070705,-0.59319455527665
1.14109271500011,-0.675429661755061
1.22651661213851,-0.753735028019324
1.3148357596032,-0.827802547261077
1.40569643070363,-0.897340290176394
1.49873463531324,-0.962073595410835
1.59357762329413,-1.02174612142483
1.68984546113119,-1.07612085591992
1.78715267281895,-1.12498107750825
1.88510993256114,-1.16813126265723
1.98332579323679,-1.20539792926785
2.0814084311754,-1.23663040676356
2.17896738493626,-1.26170152150981
2.27561526387476,-1.28050818597863
2.37096940164594,-1.29297188050108
2.46465343070771,-1.29903901783296
2.55629875649451,-1.2986811831184
2.64554591424489,-1.29189524509483
2.73204579732731,-1.27870333834902
2.81546075299827,-1.25915272082007
2.89546554937647,-1.23331551517971
2.97174822543718,-1.20128834678532
3.044010843361,-1.16319189416975
3.11197016893224,-1.11917037011033
3.17535831023856,-1.06939095189308
3.23392334715026,-1.01404317825812
3.28742998358728,-0.953338327628541
3.33566025126013,-0.887508787699476
3.37841428747336,-0.81680742057792
3.4155112010274,-0.741506920849405
3.44679002979673,-0.661899156762019
3.47211078193864,-0.578294477797934
3.49135554078018,-0.491020965911047
3.50442960218704,-0.40042360327713
3.51126260357896,-0.306863327068394
3.51180959656847,-0.21071594191936
3.50605201114673,-0.11237086359701
3.49399845887535,-0.0122296729083385
3.47568532584251,0.0892955331732261
3.45117711308508,0.191783996269127
3.42056649234831,0.294808349129299
3.38397405776424,0.397936846085816
3.34154776837648,0.500735740196715
3.29346209137247,0.602771765715648
3.23991687029338,0.703614676449586
3.18113595529447,0.802839785237987
3.11736564276175,0.900030447690096
3.04887297848952,0.994780434699479
2.97594398168722,1.08669614309721
2.8988818461164,1.17539860181841
2.81800516978345,1.26052524160172
2.73364625626745,1.34173140876873
2.64614951965079,1.41869161714015
2.55587001206632,1.49110054565748
2.46317207913176,1.55867380181302
2.36842813511612,1.62114848164475
2.27201753762887,1.67828356507342
2.17432553187063,1.72986019020665
2.07574222775322,1.77568185161811
1.97666156995057,1.81557456551251
1.87748026134468,1.8493870393627
1.77859660425303,1.87699087555228
1.68040923084826,1.89828082847517
1.58331570365666,1.91317512327404
1.48771097811636,1.92161583284981
1.39398573095557,1.92356929884876
1.30252456965986,1.91902657285652
1.21370414863821,1.90800384667923
1.1278912261048,1.89054283586134
1.04544070159051,1.86671107873723
0.966693677038691,1.83660211436575
0.891975584523981,1.80033550644736
0.821594420905919,1.75805668636599
0.755839124551796,1.70993659626538
0.694978122174847,1.65617112189445
0.639258065490052,1.5969803141245
