0.842943378180737,1.39982739876564
0.800216990208609,1.34537764104693
0.762193664568133,1.28676508400451
0.729023276604531,1.22423028195577
0.700835124025209,1.15802980507308
0.677737562669698,1.08843501357003
0.659817755150236,1.01573076394671
0.647141522232329,0.940214064019742
0.639753286472719,0.862192692628419
0.637676098023524,0.781983798444294
0.64091173350288,0.6999124904066
0.649440860251666,0.616310430156375
0.663223259961182,0.531514434637988
0.682198107393959,0.445865094942451
0.706284301579215,0.359705415611793
0.73538084832974,0.273379477094222
0.769367294122162,0.187231122877763
0.808104212272119,0.101602672036057
0.851433742920258,0.0168336574605672
0.899180188652757,-0.0667404101292582
0.951150667657082,-0.148789252282438
1.00713582621162,-0.22898900674505
1.06691061207359,-0.307023384714716
1.13023510999668,-0.382584800656314
1.19685544019288,-0.455375473654748
1.26650472004723,-0.525108499024893
1.33890408877677,-0.591508888633848
1.41376379396391,-0.654314578091971
1.49078433795467,-0.713277398608438
1.56965768096834,-0.768164010861348
1.65006849641262,-0.818756797691679
1.73169547235766,-0.864854711804747
1.81421265145228,-0.906274073984885
1.89729079985568,-0.942849316655439
1.98059879413294,-0.974433667022082
2.06380501366816,-1.00089976361109
2.14657872514279,-1.02214019984556
2.22859144516006,-1.03806798847199
2.30951826729771,-1.04861694121688
2.38903914082813,-1.0537419590432
2.46684009008962,-1.05341922977754
2.54261436598982,-1.04764633162889
2.61606352426491,-1.03644224311713
2.6868984287297,-1.01984726202803
2.75484018159339,-0.997922838040858
2.81962098670005,-0.970751325446359
2.88098495497198,-0.938435663703747
2.93868886408067,-0.901098994314285
2.9925028861674,-0.858884222494988
3.04221129806218,-0.811953531355619
3.08761318776717,-0.760487854720083
3.1285231689386,-0.704686312468807
3.16477211178929,-0.644765609464199
3.19620789442307,-0.580959395975146
3.22269617338604,-0.513517584306925
3.24412116654512,-0.442705613368392
3.26038643570696,-0.368803650471817
3.27141565112031,-0.292105718043169
3.27715331560115,-0.212918732354051
3.27756542287215,-0.131561442030178
3.27264002312364,-0.0483632560133569
3.26238766897891,0.0363370461802193
3.24684171704595,0.122192724793494
3.22605846398653,0.208850608509605
3.20011710131687,0.295952733564945
3.1691194796344,0.383138079554479
3.13318968020448,0.470044382630402
3.09247339933551,0.556310001918225
3.04713715819027,0.641575811161767
2.99736735711126,0.72548708517525
2.94336919872091,0.807695349847128
2.88536550763126,0.887860165312093
2.82359547632347,0.965650814464354
2.75831336653978,1.04074787307975
2.68978719342483,1.11284464318185
2.61829741586113,1.18164843756572
2.54413565129432,1.24688171014958
2.46760342726986,1.3082830335897
2.38901097539928,1.3656079318978
2.30867606706248,1.41862958121064
2.2269228843363,1.4671393960155
2.14408091486115,1.51094752076943
2.06048385597072,1.54988324781961
1.97646851164389,1.5837953818189
1.89237366579019,1.61255256854636
1.80853891700568,1.63604360241432
1.72530346305821,1.65417772229577
1.64300482768832,1.66688490003216
1.5619775274668,1.67411612051145
1.48255168200012,1.6758436469698
1.40505157627316,1.67206126056756
1.32979418893818,1.66278445965464
1.25708770452793,1.64805060172131
1.18723003060004,1.6279189699725
1.12050734252274,1.60247074679966
1.05719267891627,1.57180887808194
0.997544609707086,1.536057815054
0.94180599647887,1.49536312418291
0.890202861541772,1.44989095979624
0.842943378180737,1.39982739876564
