0.763154810137406,1.47710817373311
0.717434961377536,1.41877155576173
0.676755368346303,1.35597692998074
0.641276114558809,1.28898252643053
0.611135068385883,1.21806381986606
0.586447530216551,1.14351217274867
0.567306005180328,1.06563340495333
0.553780087510568,0.98474631098286
0.545916442498583,0.901181144105206
0.543738872834969,0.815278084658324
0.547248457747286,0.727385707064687
0.556423755473789,0.637859457138842
0.571221062005336,0.547060148314595
0.591574721442857,0.455352482683177
0.617397485555181,0.363103600386024
0.648580922033149,0.270681659049091
0.6849958724321,0.178454443619525
0.726492961845793,0.0867880061518925
0.772903162982383,-0.00395466527515901
0.824038417576765,-0.0934149493463041
0.879692318055855,-0.181239866610789
0.939640852160858,-0.267083327150649
1.00364321289913,-0.350607350671659
1.07144267579934,-0.431483258498272
1.14276754499744,-0.509392836632574
1.21733216917378,-0.584029468766689
1.29483802775127,-0.655099237887328
1.3749748869889,-0.722321994831239
1.45742202459706,-0.785432391785797
1.54184952020488,-0.844180878232004
1.62791960739647,-0.898334656169748
1.71528808111289,-0.947678590649211
1.80360575205324,-0.992016070695627
1.89251993741451,-1.03116981473112
1.98167597505118,-1.06498261367279
2.07071874611333,-1.09331800414731
2.15929418965941,-1.11606086384339
2.24705079185755,-1.13311792104764
2.33364103238002,-1.1444181709739
2.41872277160165,-1.1499131926518
2.50196056429798,-1.14957736188332
2.58302688867925,-1.14340795803691
2.66160328366334,-1.13142516509368
2.73738139205867,-1.11367197019743
2.81006391248089,-1.09021396575323
2.87936546798091,-1.06113906360729
2.94501340409389,-1.02655713176436
3.00674853290289,-0.98659956522269
3.0643258423577,-0.941418802653146
3.11751519118167,-0.891187799712486
3.16610200902935,-0.836099467752837
3.20988801905175,-0.776366083663035
3.24869199575947,-0.712218672748824
3.28235056527717,-0.643906362217834
3.31071904812658,-0.571695698343774
3.33367233705094,-0.495869916150446
3.35110579467342,-0.416728146898046
3.36293614857845,-0.334584546164287
3.36910235531665,-0.249767324219527
3.36956640039859,-0.162617660930027
3.36431399898678,-0.0734884896949932
3.3533551619957,0.0172568611007179
3.3367245947654,0.109246175132623
3.31448190029298,0.202100002979193
3.28671156590691,0.295433456561902
3.25352272079832,0.388858127225521
3.21504866139406,0.481984104047864
3.17144615148484,0.574422062387001
3.12289451359271,0.665785387487412
3.0695945365745,0.755692294607878
3.01176723129382,0.843767905908417
2.94965247085914,0.929646245391589
2.88350755409771,1.0129721165134
2.81360573048507,1.09340283246707
2.74023472175649,1.17060977624475
2.66369527016509,1.24427977590937
2.58429973627475,1.3141162894779
2.50237076087119,1.37984040279175
2.41823999672122,1.44119165209653
2.33224690721444,1.49792869018547
2.24473762106837,1.5498298203907
2.15606382586688,1.59669342607954
2.06658167870532,1.63833832443642
1.97665070994159,1.67460407216698
1.88663269612077,1.7053512475053
1.79689048048125,1.73046172785239
1.70778672381212,1.74983897596859
1.61968257440696,1.76340834042275
1.53293625292733,1.77111736854985
1.44790155555546,1.7729361230715
1.36492628626983,1.76885748732669
1.28435063583965,1.75889743919213
1.20650553070441,1.74309527056999
1.13171097889877,1.72151372797137
1.06027444236006,1.69423905025908
0.992489265230448,1.66138088192063
0.928633186207984,1.62307204407522
0.868966959820898,1.57946815042829
0.813733107022571,1.53074706115159
0.763154810137406,1.47710817373311
