0.818186079512161,1.42381358190881
0.77453016522058,1.36815784350179
0.735681889241439,1.30824772409015
0.701794303215162,1.24432925033507
0.672999377148489,1.17666484360533
0.649407637602047,1.10553205468314
0.631107922610835,1.03122222883078
0.618167242123666,0.954039119126627
0.610630732451334,0.874297464994997
0.608521693728042,0.792321551192756
0.611841700554224,0.708443760385364
0.62057077760772,0.62300313006516
0.634667633881403,0.536343922144285
0.65406995113679,0.44881421127429
0.678694723989904,0.360764495943978
0.708438650642472,0.272546334778224
0.743178574558101,0.184511009244999
0.782771978325109,0.0970082131714423
0.827057531550874,0.0103847690305256
0.875855694933886,-0.0750166291806803
0.928969382714709,-0.158858646573155
0.986184685577062,-0.240810511397784
1.04727165580995,-0.320549192088081
1.11198515618966,-0.397760546632523
1.18006577361276,-0.472140443315706
1.25124079800084,-0.543395851603735
1.32522526637655,-0.611245901683682
1.40172307123849,-0.675422910868479
1.48042813139619,-0.735673374711739
1.56102562223215,-0.791758920212146
1.64319326092454,-0.843457217909597
1.72660264051111,-0.890562848993072
1.81092060486024,-0.932888122787919
1.89581065473853,-0.9702638392291
1.9809343733591,-1.00253999024106
2.06595285822506,-1.02958639343312
2.15052814492284,-1.05129325128369
2.23432460794138,-1.0675716291201
2.31701032374201,-1.0783538457718
2.39825838228271,-1.08359377181752
2.47774813504951,-1.08326703184838
2.55516637033524,-1.07737110906795
2.63020840991728,-1.06592535273265
2.70257912523038,-1.04897089124487
2.77199387534651,-1.02657045595626
2.83817937324776,-0.998808122710631
2.90087449066886,-0.96578897965192
2.95983101485276,-0.927638730658439
3.01481437259642,-0.884503243805496
3.06560433771644,-0.836548053428283
3.11199573737857,-0.783957822657627
3.15379917056049,-0.726935770815852
3.19084174832691,-0.665703066954492
3.22296786078488,-0.600498187328132
3.25003996986316,-0.531576231024841
3.27193942082669,-0.459208184642781
3.28856725916183,-0.383680124150446
3.29984503364744,-0.305292340206936
3.30571556154415,-0.224358372507918
3.30614362832252,-0.141203939342043
3.30111659254998,-0.0561657505706887
3.29064486668626,0.0304098043531403
3.27476224667102,0.118168097084504
3.25352606724561,0.20674782797406
3.22701716569944,0.29578271251758
3.19533964379985,0.384903272263848
3.15862042557185,0.473738709676975
3.11700861678541,0.561918841086398
3.07067467990063,0.649076057654361
3.01980944524709,0.734847281595334
2.96462298486978,0.81887588393872
2.90534337936115,0.90081353105374
2.84221540985314,0.980321929932525
2.77549920706107,1.05707444669368
2.70546888691346,1.13075757863353
2.63241119809236,1.20107226701798
2.55662420111044,1.26773504519805
2.47841599184152,1.33047902403005
2.39810347524745,1.3890547234709
2.31601118798043,1.44323076512277
2.23247016214065,1.49279444502217
2.14781681722347,1.53755220881627
2.06239186358325,1.57733005248498
1.9765391988273,1.61197387093395
1.89060477853467,1.64134977422405
1.80493544452002,1.66534438717003
1.71987769733529,1.68386514289296
1.63577640449629,1.69684057508206
1.55297344161983,1.7042206076856
1.47180626978157,1.70597683498166
1.39260645846138,1.70210277991648
1.31569816896138,1.6926141146076
1.2413966177537,1.67754882426313
1.17000654252331,1.65696729462276
1.10182069551464,1.63095230341542
1.03711838909132,1.59960889816736
0.97616411722376,1.56306414579048
0.919206274091654,1.52146674345609
0.866475987383117,1.47498648497646
0.818186079512161,1.42381358190881
