0.746641372962794,1.49309438560405
0.700302794033406,1.43395326406195
0.659074319119074,1.3702930135699
0.6231181337798,1.30237553715593
0.592573864597455,1.23048023982241
0.567558230067895,1.15490264289036
0.548164819763655,1.07595292400871
0.534463986951726,0.99395440455754
0.526502839781275,0.909242004663241
0.524305317119614,0.822160683698923
0.527872336881743,0.733063881248009
0.537182007002898,0.642311970357684
0.552189891770573,0.550270731775028
0.572829328808108,0.457309854975414
0.599011794373188,0.363801469334312
0.630627316646058,0.270118706866979
0.66754493824243,0.17663429660422
0.709613230267068,0.0837191898629875
0.756660860853051,-0.00825878466511064
0.808497221376967,-0.0989362370527522
0.864913113493204,-0.187955504270589
0.92568149988708,-0.274965910675982
0.990558321289656,-0.359625000779255
1.059283381883,-0.441599743809042
1.13158130477458,-0.520567709265785
1.20716255871762,-0.596218212383352
1.2857245566531,-0.668253428177677
1.36695282587869,-0.73638947249271
1.45052224863577,-0.800357448095269
1.53609837058223,-0.859904453367223
1.62333877295142,-0.91479455046296
1.71189450219409,-0.964809688941816
1.80141154862309,-1.00975057988775
1.89153236314949,-1.04943751447028
1.98189739878779,-1.08371111989428
2.07214666143194,-1.11243304486812
2.1619212527023,-1.13548656623524
2.25086488667359,-1.15277710839686
2.33862536222516,-1.16423266771105
2.42485597376179,-1.16980413524177
2.50921684520983,-1.16946551305128
2.59137617547785,-1.16321402160794
2.67101138785071,-1.15107009867926
2.74781018082461,-1.13307729309334
2.82147148335398,-1.10930205972944
2.89170632296102,-1.0798334647615
2.95823862020673,-1.04478281224815
3.02080592718288,-1.0042832043884
3.07916013054035,-0.958489047948508
3.13306814078142,-0.907575518398887
3.18231258888582,-0.851737991167539
3.22669254873047,-0.791191446212809
3.26602429927808,-0.726169848051554
3.30014213438963,-0.656925498754014
3.32889922075412,-0.58372835661885
3.35216849634337,-0.506865308704863
3.36984359360023,-0.426639381565658
3.38183976390384,-0.343368871829229
3.38809477336448,-0.257386377037971
3.38856973525514,-0.16903770766539
3.3832498418425,-0.07868066357213
3.3721449583335,0.0133163376748607
3.35529004421211,0.10657578740566
3.33274537230876,0.200712767071107
3.30459652322439,0.29533677585787
3.27095414174359,0.3900536882503
3.23195345199127,0.484467817191586
3.18775353859204,0.57818405150995
3.13853641121781,0.67081003076097
3.08450587891452,0.761958317056009
3.02588626782538,0.851248522125117
2.96292102085028,0.938309348961582
2.89587122005734,1.02278051089319
2.82501407215525,1.1043144966172
2.75064139412871,1.18257815724659
2.67305813052693,1.25725410022595
2.59258092635839,1.32804188446689
2.50953677071003,1.39465902054963
2.42426171679639,1.45684178866555
2.33709967490687,1.51434589451426
2.24840126638368,1.56694698909777
2.15852271996624,1.61444108190004
2.06782478708224,1.65664487809655
1.9766716502743,1.6933960691892
1.88542979905254,1.72455360297253
1.79446684997873,1.74999795334354
1.70415029244836,1.76963140364354
1.6148461480084,1.78337834953693
1.52691753857389,1.79118561951177
1.44072316695293,1.79302280354887
1.35661572100842,1.78888257392161
1.2749402199589,1.77878097693181
1.19603232722007,1.76275767100475
1.12021665840676,1.74087608515294
1.04780511539814,1.7132234724065
0.979095277630167,1.67991083527436
0.914368880095583,1.64107270438159
0.853890404130456,1.59686675675026
0.797905802296355,1.54747326630466
0.746641372962794,1.49309438560405
