0.776914576014971,1.46378556637679
0.73171049419637,1.40611928482838
0.691488483771273,1.34404591762963
0.656406873841605,1.27782063829842
0.62660206353841,1.20771565149136
0.60218816645251,1.13401885945915
0.583256778387621,1.05703245610957
0.569876855233581,0.977071468714343
0.562094687578796,0.89446226602711
0.559933959436842,0.809541049545531
0.563395879953379,0.722652342100456
0.572459378952792,0.634147485150568
0.587081359437487,0.544383153345555
0.607197002439927,0.453719892304887
0.632720121757154,0.362520683301538
0.663543567927218,0.271149536741022
0.69953968225002,0.179970115026407
0.740560802680061,0.0893443845851918
0.786439824042588,-0.000368703554628663
0.836990815301125,-0.0888145053030388
0.892009696608179,-0.175643947641129
0.95127497868195,-0.260514765511679
1.01454856674006,-0.343092711264649
1.08157663083469,-0.423052736101923
1.15209054399114,-0.500080142654261
1.22580788904197,-0.573871707553006
1.30243353443289,-0.644136772602167
1.38166077849889,-0.710598302869374
1.46317256070918,-0.772993909646719
1.54664273710696,-0.831076835742048
1.63173741560185,-0.884616899923388
1.71811634492124,-0.93340139655784
1.80543434895488,-0.977235945598115
1.89334279604319,-1.01594528714589
1.98149109062237,-1.04937401396097
2.06952817273838,-1.07738723460845
2.15710400948889,-1.09987115956751
2.24387106165306,-1.11673360268155
2.32948570880566,-1.1279043908973
2.41360961721402,-1.13333567636892
2.49591103684225,-1.13300214668332
2.57606601681042,-1.12690113112907
2.65375953255144,-1.11505260345387
2.72868652245962,-1.09749908425238
2.80055283672955,-1.07430544877269
2.86907610597737,-1.04555864827968
2.93398654171742,-1.01136735492064
2.99502768443285,-0.97186154108468
3.05195711745978,-0.927192004362506
3.10454716590407,-0.877529848302942
3.15258559913238,-0.823065927219783
3.19587635295793,-0.764010260418063
3.23424028355147,-0.700591417571248
3.26751595957049,-0.633055872866064
3.29556049236851,-0.561667321284331
3.31825039689015,-0.486705946398039
3.33548246852049,-0.4084676257117
3.34717465432082,-0.327263057265175
3.35326689131542,-0.243416790221117
3.3537218803049,-0.15726614272128
3.34852576147507,-0.0691599925056903
3.33768865810645,0.0205425703845509
3.32124505706235,0.111473734226866
3.29925399935199,0.203258598546099
3.27179906066172,0.295516941186777
3.23898810989112,0.387865103970103
3.20095284286054,0.479917974282215
3.15784809782645,0.57129103368248
3.10985096856654,0.661602439695425
3.05715973891612,0.750475103768039
2.99999266916054,0.837538727224698
2.93858666914796,0.922431758076435
2.87319589507519,1.00480323471848
2.80409030649457,1.08431448769461
2.73155421726602,1.16064067748155
2.65588486919617,1.23347215418764
2.57739105039628,1.30251563361046
2.49639177250938,1.36749519265625
2.4132150125492,1.42815309508434
2.32819651683066,1.48425046534743
2.24167865700331,1.53556783348837
2.15400932209641,1.58190557728881
2.06554082619586,1.62308428896116
1.97662880919336,1.65894509261475
1.88763110809133,1.68934993565703
1.79890657854966,1.71418187250915
1.7108138504842,1.73334535294393
1.62371000718789,1.7467665205033
1.53794918414911,1.75439351937649
1.45388109092533,1.75619680137456
1.37184946651358,1.7521694187322
1.29219048509241,1.74232728383099
1.21523113431654,1.72670937388265
1.1412875921597,1.7053778573132
1.07066363039149,1.67841811908393
1.00364907305819,1.64593866436627
0.940518336878423,1.60807088362389
0.881529077459461,1.56496866691607
0.826920960996115,1.51680786072323
0.776914576014971,1.46378556637679
