0.829189841866553,1.4131533328756
0.785946992335633,1.35803361842073
0.747465295284864,1.2987002295314
0.713896391552434,1.2353967592903
0.685371064794578,1.16838302683586
0.661998878480267,1.09793382974672
0.643867927893577,1.02433762753812
0.631044696421089,0.947895173644572
0.623574005079309,0.868918112347495
0.621479044695191,0.787727555535239
0.624761481237797,0.704652652154882
0.633401626327037,0.620029160940119
0.647358666723008,0.534198034676965
0.666570948442847,0.447504022072796
0.690956312903075,0.360294291359134
0.720412484022978,0.272917078174238
0.754817506470284,0.185720359079539
0.794030236149273,0.099050551262498
0.837890884626833,0.0132512385292943
0.886221619496881,-0.0713380764694848
0.938827222749103,-0.15438319378458
0.995495809091011,-0.235556411301565
1.05599960592406,-0.314537693021476
1.12009579633109,-0.391015809770841
1.18752742600929,-0.464689451352681
1.25802437457404,-0.535268308889523
1.33130439103918,-0.602474125843672
1.40707419251105,-0.666041715900848
1.48503062417891,-0.725719945538727
1.56486187751223,-0.781272678645214
1.64624876217772,-0.832479679990162
1.72886602558669,-0.879137473697441
1.81238371223379,-0.921060152145669
1.89646855318724,-0.958080130004572
1.98078537436726,-0.99004883746998
2.06499851075965,-1.01683734628784
2.1487732126219,-1.03833692195294
2.23177702921201,-1.05445949561833
2.31368115574382,-1.06513804982121
2.39416173024214,-1.07032691315077
2.47290106877377,-1.07000196043918
2.54958883013202,-1.06416071688924
2.62392310434271,-1.05282236665011
2.69561142315298,-1.03602766856649
2.76437169470992,-1.01383878397309
2.82993306863287,-0.98633902328743
2.89203674130486,-0.95363251957419
2.95043671413028,-0.915843838041273
3.0049005194308,-0.873117530452117
3.05520992934694,-0.825617642630683
3.10116166242748,-0.773527181597994
3.14256810047794,-0.717047546493667
3.17925802477511,-0.656397924462155
3.21107737612408,-0.591814649350866
3.2378900377361,-0.523550517658886
3.25957863392532,-0.451874053006208
3.27604533160971,-0.377068707784944
3.28721262603059,-0.299431988903972
3.29302408743998,-0.219274493893855
3.29344504215892,-0.136918844269792
3.28846315970757,-0.0526985050310879
3.2780889178591,0.0330435175283784
3.26235591954265,0.119956103059364
3.24132103943894,0.207681567424806
3.21506438365006,0.295857328016623
3.1836890526268,0.384117670015901
3.14732070514167,0.472095593635715
3.10610692897109,0.559424717243503
3.06021643153776,0.645741207233939
3.00983807051987,0.730685702946989
2.95517974987556,0.813905204032706
2.89646721047612,0.895054888566852
2.83394274633765,0.973799832898827
2.76786387718809,1.04981660851123
2.69850200586364,1.12279473680996
2.62614108500811,1.19243798936336
2.55107631210013,1.25846552821173
2.47361286541212,1.32061288797986
2.39406468663458,1.37863280814893
2.31275330913242,1.43229592952478
2.230006724664,1.48139137329377
2.14615827636062,1.52572722380901
2.06154556220147,1.56513093724451
1.97650933137259,1.5994496974762
1.89139235586549,1.62855073811448
1.80653826140606,1.65232164576371
1.72229030511699,1.67067065466321
1.63899009189936,1.68352693728722
1.55697622697052,1.69084088970205
1.4765829078592,1.69258440495106
1.39813846496216,1.68875112288377
1.32196386505884,1.6793566410154
1.24837119656978,1.66443866846009
1.1776621585269,1.64405710387421
1.11012657700372,1.61829401871146
1.04604097305635,1.58725352884711
0.985667205094748,1.55106154059306
0.929251206191513,1.50986536103257
0.877021833386472,1.46383316713087
0.829189841866553,1.4131533328756
