0.642012485710748,1.59431710307217
0.59176007319337,1.53007839575725
0.547060858696751,1.46093304421768
0.508090251948815,1.38716635275998
0.474998882706854,1.30908278257671
0.447912287822107,1.22700437121216
0.426930744337294,1.14126907169826
0.412129227099119,1.05222903987905
0.403557469853495,0.960248895847649
0.401240110711797,0.865703981721358
0.405176905867095,0.768978633610797
0.415342999089125,0.670464481032621
0.431689238423423,0.570558782571216
0.454142535290398,0.469662802640604
0.482606264523239,0.368180230967975
0.51696070659176,0.266515644043449
0.557063535227903,0.165073006280896
0.602750354891623,0.0642542079426424
0.653835293071543,-0.0355423631448553
0.710111652441282,-0.133923218603581
0.771352627559275,-0.230501137033668
0.837312090276886,-0.324896503032085
0.907725447449248,-0.416738617921521
0.982310574018273,-0.505666981825478
1.06076882408833,-0.591332546342243
1.14278612220718,-0.673398936864121
1.2280341366059,-0.751543643482517
1.31617153550952,-0.825459179303848
1.40684532665764,-0.894854204753291
1.49969227873766,-0.959454615953078
1.59434042144086,-1.01900459445412
1.6904106182796,-1.07326761445232
1.78751820321422,-1.12202740217619
1.88527466868589,-1.16508884049959
1.98328938908009,-1.20227881018014
2.08117136027268,-1.23344695766327
2.178530933097,-1.25846637835314
2.27498151668822,-1.27723420385849
2.37014122704688,-1.28967208215626
2.46363445708088,-1.29572654099296
2.55509334698249,-1.29536922718928
2.64415913808145,-1.28859701774631
2.73048339913064,-1.27543200258475
2.81372912101189,-1.25592134309346
2.89357168362862,-1.23013701505501
2.96969970669807,-1.1981754485387
3.04181580361184,-1.16015708058361
3.10963726382835,-1.11622583854562
3.17289669376597,-1.06654857254328
3.23134264835994,-1.01131445431051
3.28474028496905,-0.95073435690109
3.33287206801449,-0.885040225202262
3.37553854668183,-0.814484441381408
3.41255921953417,-0.739339182639679
3.44377348951666,-0.659895761531205
3.46904170131254,-0.576463932257159
3.48824624121257,-0.489371140417045
3.50129266852205,-0.398961689319659
3.508110837983,-0.30559579365593
3.50865596557442,-0.209648491502747
3.50290958604595,-0.111508388459937
3.49088035008856,-0.011576213204382
3.47260461232494,0.0897368283685688
3.44814676819164,0.192010903416233
3.41759930787066,0.294819598706314
3.3810825680301,0.397732143701464
3.33874417635619,0.500315779135539
3.29075819866298,0.60213823000457
3.2373240126494,0.702770233897738
3.17866494506482,0.801788070316791
3.11502671918903,0.898776034559009
3.04667576637376,0.993328801113669
2.97389745843383,1.08505362632543
2.89699431672197,1.17357234802375
2.81628424889631,1.25852315037082
2.73209885612322,1.33956207459917
2.64478184245273,1.41636426970243
2.55468754527047,1.4886249905369
2.46217959211495,1.55606036321767
2.3676296758457,1.61840794825514
2.27141642820311,1.67542713983254
2.17392436213466,1.72689944443415
2.07554284658921,1.7726286834117
1.97666507425809,1.81244116200457
1.8776869831353,1.84618584205926
1.77900609664802,1.87373454771961
1.6810202540632,1.8949822233734
1.58412621225908,1.9098472519767
1.48871811093958,1.91827183043444
1.39518580503868,1.92022238788905
1.30391307946525,1.91569002337601
1.21527577158689,1.90469093201992
1.12963983518559,1.88726678425212
1.04735938546713,1.86348502069053
0.968774767725452,1.83343902635922
0.89421069235489,1.79724815163723
0.82397447620751,1.7550575533095
0.758354425169842,1.70703783678856
0.697618385813741,1.65338448931995
0.642012485710749,1.59431710307217
