0.785169811513214,1.45579166876573
0.740275259111025,1.39852755222754
0.700327877211355,1.33688689822994
0.665484941110424,1.27112304822146
0.635881966655345,1.20150624699144
0.611632353195514,1.12832232302911
0.592827148523684,1.05187129703204
0.579534923021079,0.972465938158379
0.571801740016075,0.890430286409567
0.569651210069895,0.806098157574252
0.57308461832413,0.71981164470347
0.582081115958854,0.631919627371274
0.596597968983078,0.542776297242433
0.616570859791924,0.452739705922541
0.641914238991557,0.362170338861107
0.672521726774634,0.271429717313633
0.708266564540461,0.180879029085287
0.749002118462989,0.0908777879642909
0.794562437330806,0.00178252135256408
0.844762867266292,-0.0860545144698059
0.899400725946713,-0.172286591849386
0.958256038774248,-0.25657374214181
1.02109233914126,-0.338583958733233
1.08765753455771,-0.417994372121656
1.15768483996777,-0.494492396173835
1.2308937790719,-0.56777684440348
1.30699125385221,-0.637559014856871
1.3856726817212,-0.703563741901298
1.46662319871941,-0.765530412843348
1.54951892592993,-0.823213946817986
1.63402829473658,-0.876385732763487
1.71981342474167,-0.924834522536184
1.80653154614042,-0.968367274359275
1.89383645623001,-1.00680994091028
1.98137999766331,-1.0400081955287
2.06881354422707,-1.06782808938392
2.15578947853357,-1.09015663210396
2.24196264526355,-1.10690228843887
2.32699176365981,-1.11799538410229
2.4105407839697,-1.12338841504618
2.49228017452528,-1.12305625606718
2.57188812910391,-1.11699626675354
2.64905168800675,-1.10522829523317
2.72346777071741,-1.08779458279861
2.79484412276312,-1.06475957504636
2.86290018414321,-1.03620964743804
2.92736789102527,-1.00225275493183
2.98799242594811,-0.963018016333195
3.04453293415656,-0.918655244112415
3.09676322463976,-0.869334429542108
3.14447247376328,-0.815245191114873
3.18746594701505,-0.756596191400076
3.22556575039856,-0.693614523972329
3.25861161762022,-0.626545068061032
3.28646173277679,-0.555649804464579
3.30899358120631,-0.481207082419355
3.32610481405203,-0.403510823896121
3.33771410546505,-0.322869649573197
3.34376197579067,-0.239605909806482
3.34421155003684,-0.154054604490184
3.33904921880243,-0.0665621778751191
3.32828516889995,0.0225148218495186
3.31195375323079,0.112811223266425
3.29011367397297,0.203954851542335
3.2628479595609,0.295568279199387
3.2302637238552,0.387270692522976
3.19249170477494,0.478679851397037
3.14968558886625,0.569414114287886
3.10202113714903,0.659094495324217
3.04969513547337,0.747346717341542
2.99292419895971,0.833803223653607
2.93194346443568,0.918105112318072
2.86700520682276,0.999903959757493
2.79837741504725,1.0788635055995
2.7263423603238,1.15466117718451
2.65119518484067,1.22698943990486
2.57324253237763,1.29555696784733
2.49280123475271,1.36008963752553
2.41019705984463,1.42033135522545
2.32576351892672,1.47604473510539
2.23984072380385,1.527011650242
2.15277427832032,1.57303368196774
2.06491418463987,1.61393249392522
1.97661374257394,1.64955015625127
1.88822842026404,1.67974944234111
1.80011467664647,1.70441411601913
1.71262872011383,1.72344922106521
1.62612519326689,1.73678137840912
1.5409557801421,1.74435908944781
1.45746773926127,1.74615303739937
1.37600237271833,1.74215637287885
1.29689344775906,1.73238496537917
1.22046559246333,1.71687759937008
1.14703269084778,1.69569609246127
1.0768963047468,1.66892531354795
1.01034415011827,1.63667308096542
0.947648654017845,1.59906992420178
0.889065615581868,1.55626869733421
0.834832990249798,1.50844403767954
0.785169811513214,1.45579166876573
