0.661291942284396,1.57567384215556
0.611759880046896,1.51237446142101
0.567699296015404,1.44423987926147
0.529283176079007,1.37155107033774
0.496660141131788,1.29460785792204
0.469954125731628,1.21372737110849
0.449264199449795,1.12924242269652
0.434664510769369,1.0414998348984
0.426204333750338,0.950858737659487
0.42390819939233,0.85768886096649
0.427776096356384,0.762368838456711
0.437783729074419,0.665284535335379
0.453882824895705,0.566827409431366
0.476001485445179,0.467392910482831
0.504044580515858,0.36737891966551
0.537894185389681,0.267184229082738
0.577410064375025,0.167207059455241
0.622430204553691,0.0678436135216787
0.672771404311945,-0.0305133374389994
0.728229921312079,-0.127475836194318
0.788582184295349,-0.222662092854574
0.853585572647824,-0.315697809750419
0.922979267137232,-0.406217478078335
0.996485174726358,-0.49386564595145
1.07380892991544,-0.57829815711577
1.1546409746319,-0.659183359365913
1.23865771818803,-0.736203281552665
1.32552277814758,-0.809054777918591
1.41488830194945,-0.877450638218525
1.50639636771146,-0.94112066158107
1.59968046070188,-0.999812691279583
1.69436701950301,-1.05329360648953
1.79007704296456,-1.10135026575538
1.88642774580003,-1.14379039537731
1.98303424734982,-1.18044341441217
2.0795112749132,-1.21116118666106
2.1754748604759,-1.23581868909906
2.27054400797214,-1.25431458589591
2.36434230773027,-1.26657169764452
2.4564994756998,-1.27253735676077
2.54665279757615,-1.27218364226138
2.63444846202844,-1.26550749018783
2.71954277274317,-1.25253067964503
2.80160323562221,-1.23329969849334
2.88030952477793,-1.20788549682894
2.95535433840448,-1.17638314012467
3.02644416255994,-1.13891137688792
3.09329996674144,-1.09561213756576
3.15565785929186,-1.04664998190099
3.21326973265724,-0.992211510841412
3.26590392798903,-0.932504756383897
3.31334594541359,-0.867758558506506
3.35539922055267,-0.798221932868924
3.39188597987518,-0.724163426648514
3.42264817770545,-0.645870453243348
3.44754850689839,-0.563648590204854
3.46647146413346,-0.477820819274342
3.47932444035937,-0.38872668337109
3.48603879800749,-0.296721333309947
3.4865708899705,-0.202174437271744
3.48090297164274,-0.105468928792142
3.46904395695698,-0.0069995742529689
3.45102997248947,0.0928286516780183
3.42692467022535,0.193602384942132
3.39681926908932,0.294901877131892
3.36083230721374,0.396303167560983
3.31910910029736,0.497380392661596
3.27182091532906,0.597708193597414
3.21916388238044,0.696864175496606
3.16135767910504,0.794431366784849
3.09864403212733,0.890000625183634
3.03128508595239,0.983172938261039
2.95956169291229,1.0735615709605
2.8837716768058,1.16079402001826
2.80422811839808,1.24451374511005
2.72125770323015,1.32438165824646
2.63519916189851,1.40007736552762
2.54640182095704,1.47130016796288
2.45522426984477,1.53776983974824
2.36203313677611,1.59922721233743
2.26720195532754,1.65543460014173
2.17111009437641,1.7061761082463
2.07414171776486,1.75125786386663
1.97668473700517,1.79050821136962
1.87912972066984,1.82377790578426
1.7818687277016,1.85094033228668
1.68529403835483,1.87189176981163
1.58979676523724,1.88655170649593
1.49576533719296,1.89486320394125
1.4035838596892,1.89679329713182
1.31363036605468,1.89233340802473
1.22627498353558,1.88149974397808
1.14187804597202,1.86433364775382
1.06078819041803,1.84090186407248
0.983340477903562,1.81129668863506
0.909854578672141,1.77563596897624
0.840633059749326,1.73406293209953
0.775959807936429,1.68674582104841
0.716098614773847,1.63387733076846
0.661291942284396,1.57567384215556
