0.614465888397678,1.62094795292144
0.563184886171615,1.55536713139487
0.517573904544914,1.48477755400875
0.477811805587449,1.40947072596389
0.444052073776826,1.32975775251684
0.416422516557249,1.24596770297168
0.395025115752575,1.15844589300695
0.379936006229938,1.06755211590658
0.371205558897252,0.973658850309699
0.368858547362183,0.877149467957918
0.372894380972899,0.778416460078818
0.383287391044368,0.677859695981421
0.399987161391501,0.575884722591161
0.422918898431475,0.472901109375294
0.451983839753833,0.369320839657121
0.487059702965629,0.265556746822702
0.528001178692582,0.162020992404577
0.574640472859002,0.0591235823976776
0.626787903875596,-0.0427290817417498
0.684232560297871,-0.143135620356876
0.746743024074742,-0.241701063165874
0.814068163882036,-0.338038208252978
0.885938002391258,-0.431768952724841
0.962064660765385,-0.522525594643746
1.04214338323391,-0.609952105460935
1.12585364423745,-0.693705372002746
1.21286034024045,-0.773456407018336
1.3028150677351,-0.848891527251277
1.39535748802889,-0.91971349780473
1.49011677796334,-0.985642641102034
1.5867131636421,-1.04641790791113
1.68475953151574,-1.10179790667217
1.78386310783875,-1.15156188578583
1.88362719374602,-1.19551066170325
1.98365293925734,-1.23346748379364
2.0835411357574,-1.26527882528849
2.1828940033185,-1.29081508837107
2.28131694704506,-1.30997121094839
2.37842025580588,-1.32266716301866
2.4738207175786,-1.32884832196468
2.5671431283377,-1.32848571859861
2.65802167598925,-1.32157614927355
2.74610118713209,-1.30814215366136
2.83103823206707,-1.28823186255998
2.91250209197477,-1.26191872493531
2.99017560090337,-1.22930112786522
3.06375588342841,-1.19050192666611
3.13295501582649,-1.14566790481385
3.19750064364848,-1.09496918396986
3.2571365911051,-1.03859860326688
3.3116234972835,-0.976771083935023
3.3607395107191,-0.909722990472818
3.40428106732768,-0.837711493189955
3.44206376749975,-0.761013929535235
3.47392335686395,-0.679927153778809
3.49971680263929,-0.594766857034594
3.51932344457347,-0.505866833010594
3.53264618723641,-0.413578159951365
3.53961268992726,-0.318268266578778
3.54017650258476,-0.220319849876827
3.53431809161152,-0.120129615529239
3.52204569892879,-0.0181068176931317
3.50339598106735,0.0853284166835735
3.47843438254525,0.189746983118901
3.44725520873402,0.294712906428326
3.40998137712931,0.399785638433275
3.36676384144006,0.504522513519127
3.31778069905197,0.608481318014856
3.26323600800074,0.711222920586215
3.20335835343019,0.812313905019427
3.1383992145646,0.911329144455024
3.06863119066196,1.00785425758348
2.99434614769065,1.10148789251706
2.91585334637332,1.19184379269457
2.83347760690505,1.27855261067302
2.74755755655129,1.36126344920036
2.65844399423566,1.43964512356914
2.56649839214058,1.51338715385805
2.47209153941283,1.58220050921249
2.37560231849172,1.64581813781674
2.27741659150873,1.70399532485264
2.1779261636507,1.75650992593662
2.07752778311653,1.80316252496446
1.97662213382695,1.84377656295603
1.87561277754601,1.87819847865732
1.77490500639394,1.90629789286901
1.67490457441631,1.92796785749247
1.57601628721252,1.94312517802888
1.47864244070696,1.95171080572467
1.38318111295352,1.95369028370654
1.29002432535601,1.94905422118662
1.19955610089108,1.93781876188008
1.11215045600448,1.92002600768894
1.02816936919506,1.89574435674858
0.947960772532051,1.86506871612657
0.871856612368636,1.82812055357988
0.8001710224826,1.78504775936759
0.733198647194867,1.73602429756229
0.671213144278806,1.6812496358742
0.614465888397678,1.62094795292144
