0.619975634311849,1.61562200717668
0.568900304737786,1.55030962868866
0.523471623603141,1.48000892156153
0.483867763500332,1.40501014931371
0.450241639412023,1.32562308662132
0.422720606427558,1.24217539455414
0.40140630734523,1.15501091440399
0.38637464698542,1.06448791025488
0.377675870684317,0.9709772875652
0.375334726614696,0.874860810986214
0.379350694889703,0.776529339898425
0.389698270399306,0.676381095178516
0.406327290559908,0.574819965944027
0.429163303222524,0.472253860812412
0.458107973561197,0.369093104803669
0.493039531631432,0.265748880544557
0.533813264341219,0.162631710916348
0.580262056816072,0.0601499796449583
0.632196988656907,-0.0412915135978209
0.689407990543112,-0.141292966438962
0.751664566213415,-0.239460957396999
0.818716584253724,-0.335409800899338
0.890295143492189,-0.428762873970295
0.96611351525007,-0.519153914208571
1.0458681652552,-0.606228288285204
1.12923985765286,-0.68964423001455
1.21589484314259,-0.769074046993575
1.30548613267936,-0.844205294743214
1.39765485723738,-0.914741917080937
1.4920317126906,-0.980405350980507
1.58823848680955,-1.04093559334624
1.68588966267559,-1.09609222591656
1.78459408953092,-1.14565539295779
1.88395670837956,-1.18942672463059
1.98358031579112,-1.2272301970905
2.08306734567914,-1.25891291875166
2.18202164572066,-1.28434583095299
2.28005022296038,-1.30342431076359
2.37676493237061,-1.31606866405261
2.47178408301069,-1.322224498359
2.5647339391141,-1.32186296756096
2.65525009794563,-1.31498088378264
2.74297873245312,-1.3016006961873
2.82757769425475,-1.28177034098388
2.90871748085415,-1.255562971723
2.98608207953684,-1.22307658332931
3.05936970846441,-1.18443354685184
3.12829348232121,-1.13978007418659
3.19258203480057,-1.08928563269532
3.25198013267523,-1.0331423284942
3.30624931578486,-0.971564274154106
3.35516859381723,-0.904786951758358
3.39853522433583,-0.833066575997325
3.43616558745161,-0.756679454702366
3.46789616143112,-0.675921336527474
3.4935845911659,-0.591106728054994
3.51311082873688,-0.502568156142273
3.52637831330327,-0.410655346515076
3.53331514723387,-0.31573428702987
3.53387521768545,-0.218186144093616
3.5280392084513,-0.118406003666731
3.51581544633856,-0.0168014140692498
3.4972405297795,0.0862092837960345
3.4723796947133,0.19019884268862
3.44132688354768,0.294733203715006
3.40420449649629,0.399373778945118
3.36116281982284,0.50367988933959
3.31237914139062,0.607211314564043
3.2580565792284,0.709530902647423
3.19842266242771,0.810207181737459
3.13372771455359,0.90881691393952
3.06424309706572,1.00494753266157
2.99025937347453,1.0981994100088
2.91208445388802,1.18818790927084
2.83004177437377,1.2745451888477
2.74446855663118,1.35692173727048
2.65571418159763,1.43498763332881
2.56413869678358,1.50843353967506
2.47011146247127,1.57697145158972
2.37400992759872,1.64033523390046
2.27621851331316,1.69828098754893
2.17712757180414,1.75058729241635
2.07713238088523,1.79705537444498
1.97663213137351,1.83750924280958
1.87602886479275,1.87179583717526
1.77572632315566,1.89978521645717
1.67612868011545,1.92137080972362
1.57763913291769,1.93646973785379
1.48065834643926,1.94502320224422
1.38558275317414,1.94699692521939
1.29280272529383,1.94238161671714
1.20270064591763,1.93119343401542
1.11564891565848,1.91347439625954
1.0320079367524,1.88929271361491
0.952124120267805,1.85874299203115
0.876327961924115,1.82194627863582
0.804932229087484,1.77904991924167
0.738230295945893,1.73022720774309
0.676494656276809,1.67567681657753
0.619975634311849,1.61562200717668
