0.633749065616847,1.60230665222332
0.583188016706211,1.53766533733928
0.538215202608054,1.46808675110083
0.499007070043321,1.39385805612136
0.465715107074361,1.31528570450577
0.438465534030997,1.23269384086862
0.417359141910385,1.14642262460941
0.402471256122041,1.05682650056646
0.3938518039928,0.964272444471718
0.391525466460685,0.869138205803671
0.395491897494083,0.771810566127912
0.405725998548782,0.67268362627568
0.422178239394941,0.572157131147673
0.444775020525084,0.470634836881553
0.473419075783492,0.368522921825732
0.507989916625055,0.266228440349733
0.548344321411959,0.164157817014853
0.594316874386249,0.0627153779540712
0.645720559498703,-0.0376980836811718
0.702347414274837,-0.136686710852164
0.763969248534539,-0.233860956211342
0.830338432229611,-0.328838927140268
0.901188756071813,-0.421247702479688
0.976236368089163,-0.51072462058324
1.05518078880161,-0.596918537941089
1.13770600731209,-0.679491057423228
1.22348166016859,-0.758117725103613
1.31216429422952,-0.832489194529964
1.40339871380258,-0.902312357071412
1.49681941088781,-0.967311436491561
1.5920520753389,-1.02722904507857
1.68871517913779,-1.08182719749213
1.78642162581677,-1.13088827700231
1.88478045251677,-1.17421594710858
1.98339856849245,-1.21163599981313
2.08188251038841,-1.24299713029863
2.1798401916911,-1.26817162666712
2.27688262179053,-1.28705596296402
2.37262556941442,-1.29957128412918
2.46669114609914,-1.30566377290732
2.55870928799228,-1.30530489113957
2.64831911865117,-1.29849149116667
2.73517018145339,-1.28524579711019
2.81892353744486,-1.26561526026545
2.89925273244168,-1.23967229736275
2.97584464537411,-1.20751392460419
3.04840023754021,-1.16926130372601
3.11663522893159,-1.12505921846907
3.1802807324549,-1.07507550044014
3.23908387916364,-1.01950042221035
3.29280846716083,-0.958546072571863
3.34123566347253,-0.892445724271751
3.38416478200263,-0.821453198549145
3.42141415198574,-0.74584222385754
3.45282208071412,-0.665905778825753
3.4782479024833,-0.581955402447409
3.49757309357294,-0.494320448366242
3.51070242162343,-0.403347255586373
3.51756508794016,-0.309398205532749
3.518115813923,-0.212850635517544
3.51233581867329,-0.114095581540384
3.50023363433822,-0.0135363289478071
3.48184570909352,0.0884132424490124
3.45723675471781,0.191330522121615
3.42649980605159,0.294786233343819
3.38975597256119,0.398346678445195
3.34715387682463,0.501576133176304
3.29886878995149,0.604039348241423
3.24510148861204,0.705304107828133
3.18607687137811,0.804943789529134
3.1220423824895,0.902539867907421
3.053266298175,0.997684305353682
2.98003593376746,1.08998177880551
2.90265582885588,1.17905169904779
2.82144596274293,1.26452999014352
2.73674004396615,1.34607060929142
2.64888390631666,1.423346801154
2.55823403058939,1.49605209444939
2.46515619729901,1.56390106135343
2.37002426192021,1.62662987109587
2.27321903193753,1.68399667729054
2.17512721506277,1.73578188346254
2.07614040113227,1.78178833263097
1.97665403690051,1.82184146465649
1.87706635337013,1.85578947962833
1.77777720930617,1.88350353735299
1.67918682175011,1.90487801273145
1.58169436401118,1.91983081532774
1.48569642292011,1.92830376966749
1.39158531913301,1.93026304167875
1.29974730599427,1.92569958703947
1.21056067299592,1.91462958971916
1.12439378842461,1.8970948541936
1.04160312178224,1.8731631129355
0.962531289647947,1.84292821186667
0.887505168720436,1.80651014028622
0.816834116986074,1.76405487795046
0.75080833867332,1.71573403989459
0.689697421424853,1.66174430857268
0.633749065616848,1.60230665222332
