0.845693929917375,1.39716212894449
0.803070851686899,1.34284635272355
0.765139220021312,1.28437795115292
0.732048556905612,1.22199687121932
0.703927862461296,1.15595903380527
0.680885250506182,1.08653511219691
0.66300769656005,1.01400924284106
0.650360888280999,0.938677684950523
0.642989167959901,0.86084744473692
0.640915557078909,0.780834878608161
0.644141853913419,0.698964287785719
0.652648796555171,0.615566514672463
0.666396285377508,0.530977549120436
0.685323660680477,0.445537150673757
0.709350032894823,0.359587491022412
0.738374664174937,0.273471819384042
0.772277401396001,0.187533152374857
0.8109191614542,0.102112989138466
0.854142470350934,0.0175500520401557
0.901772057850122,-0.065820946952711
0.953615509576773,-0.147670514065089
1.00946397832572,-0.227675555390857
1.06909295611786,-0.305520531932196
1.13226310821037,-0.380898587227495
1.19872116985162,-0.453512646536363
1.26820090606645,-0.523076486295592
1.34042413414088,-0.589315772295317
1.41510180771562,-0.651969064726115
1.49193516046111,-0.710788787888054
1.57061690616911,-0.765542161909188
1.65083249075149,-0.816012093284427
1.73226139010942,-0.861998020426118
1.81457844618064,-0.903316709747801
1.8974552317811,-0.939802997138118
1.98056143325074,-0.971310469097552
2.06356623853762,-0.997712077393094
2.14613971736424,-1.01890068092422
2.22795417966484,-1.03478950866664
2.30868549868889,-1.04531253812658
2.38801438612035,-1.05042478472314
2.4656276082951,-1.05010249890591
2.54121913507578,-1.04434326954947
2.6144912160571,-1.03316603414357
2.68515538235028,-1.01661099837431
2.75293337599491,-0.994739469697952
2.8175580127895,-0.967633611259436
2.87877398771134,-0.935396123821515
2.93633863480926,-0.898149864087851
2.99002265522524,-0.856037407806243
3.03961082761425,-0.809220565263214
3.08490271455032,-0.757879855234052
3.12571337648962,-0.702213941211478
3.16187410157989,-0.64243903095284
3.19323315523756,-0.578788237275841
3.2196565482406,-0.511510894862017
3.24102881647039,-0.440871824890463
3.25725379980008,-0.367150536921174
3.26825540241565,-0.290640355855459
3.27397831250277,-0.211647461249324
3.27438865612355,-0.130489826901658
3.26947455854591,-0.0474960505495128
3.25924658646828,0.036995933356951
3.24373804656715,0.122640260596602
3.2230051195108,0.20908466154965
3.19712681381585,0.295972095097967
3.16620473034073,0.382942478386107
3.1303626353785,0.469634493274187
3.08974584773114,0.555687445488599
3.04452045229546,0.640743148705396
2.99487235905697,0.724447803395804
2.94100623152039,0.806453839441267
2.88314431214636,0.886421692391141
2.82152517407514,0.964021485769232
2.75640242820771,1.03893459589003
2.68804341263533,1.11085508096
2.61672788766116,1.17949096245512
2.54274675456674,1.24456535345477
2.46640081026956,1.30581743530957
2.38799954358623,1.36300329026248
2.30785997247348,1.41589660299969
2.22630551586478,1.46428924822306
2.1436648889924,1.50799178394706
2.06027100773179,1.54683387118735
1.97645988575542,1.58066464000781
1.89256950823232,1.60935301963753
1.80893866741437,1.63278804678427
1.7259057485348,1.65087916167609
1.6438074587227,1.66355649614867
1.56297749673362,1.67077115268535
1.48374516678602,1.67249546813792
1.40643394523151,1.668723251302
1.33136001375357,1.65946997992372
1.25883077691496,1.64477294031955
1.18914338487347,1.62469129174249
1.1225832837736,1.59930603795906
1.05942281662554,1.56871989013906
0.999919896440803,1.53305700793594
0.944316771146904,1.49246260930062
0.892838896577657,1.44710244382706
0.845693929917375,1.39716212894449
