0.79067304202502,1.45046226493093
0.745984871451795,1.39346624289198
0.706220608125609,1.33211404678242
0.671536824330198,1.26665779742998
0.642068446341413,1.19736643394821
0.617928396457753,1.12452440329294
0.599207356136144,1.04843027833213
0.58597363771972,0.969395323733339
0.578273152022853,0.887742027804979
0.576129459708995,0.803802616523292
0.579543895772929,0.717917563573585
0.588495758301407,0.630434107576973
0.602942554806549,0.54170478499524
0.622820301590307,0.452085984705894
0.648043873623632,0.361936528069639
0.678507404174102,0.271616276570758
0.71408473480621,0.181484767838541
0.754629917376568,0.0918998800439659
0.799977770264993,0.00321652425783937
0.84994449136932,-0.0842146357270972
0.90432833041487,-0.170048436462248
0.962910322962028,-0.253946440869301
1.02545508820194,-0.335578136963452
1.09171169225567,-0.414622108678453
1.16141457825402,-0.490767177897143
1.23428456396416,-0.563713516521868
1.31002990710952,-0.633173727157925
1.38834743775189,-0.698873890690542
1.46892375611408,-0.760554578667205
1.5514364929745,-0.817971827914183
1.63555562824109,-0.870898074198217
1.72094486152881,-0.919123040996721
1.80726302658059,-0.962454578598613
1.89416553929457,-1.00071944789073
1.98130586709876,-1.03376404238575
2.06833700562881,-1.06145504142909
2.1549129473152,-1.08367998720123
2.24069012576528,-1.10034777821629
2.32532881990338,-1.11138907258821
2.40849450282827,-1.11675659543586
2.48985912231452,-1.11642534641785
2.56910230279229,-1.11039270546179
2.64591246236938,-1.09867843715768
2.71998784280081,-1.08132459684728
2.79103745497731,-1.05839534394762
2.8587819471475,-1.02997667026494
2.92295440732951,-0.996176052753001
2.983301114824,-0.957122041141093
3.03958225806461,-0.912963790945366
3.09157263695399,-0.863870551492574
3.13906236715097,-0.810031116726015
3.18185760143678,-0.751653243816387
3.21978127937002,-0.688963041146746
3.25267391115278,-0.622204323343563
3.28039439531308,-0.551637927012521
3.3028208629068,-0.477540977075297
3.31985153397347,-0.400206090467254
3.3314055654963,-0.319940501796289
3.3374238646572,-0.237065094672317
3.33786983722427,-0.151913322999335
3.33273003884441,-0.0648300086705824
3.32201469708389,0.0238299942112651
3.30575807435061,0.113703273416657
3.28401864625741,0.204419469670096
3.2568790762891,0.295603016603702
3.22444597540756,0.386874994416524
3.18684944393585,0.477855075322799
3.1442424020892,0.568163532925179
3.09679972421916,0.657423282974533
3.04471719957792,0.74526191996543
2.98821034863263,0.831313712939183
2.92751312822097,0.915221524857962
2.86287656084694,0.996638622952622
2.79456732305412,1.07523035235695
2.7228663251518,1.1506756518009
2.64806730985598,1.22266839770393
2.5704754910481,1.29091857115825
2.49040624638003,1.35515325044817
2.40818386947408,1.41511743934106
2.32414037961979,1.47057474788045
2.23861437977166,1.52130794737017
2.15194994784548,1.56711942433951
2.06449554222403,1.60783155934865
1.97660290029372,1.64328705551218
1.88862590885477,1.67334923872654
1.8009194273181,1.69790234706574
1.71383804849865,1.71685182105909
1.62773478717448,1.73012460006828
1.54295969293556,1.73766942326593
1.45985839066149,1.73945712731065
1.378770558695,1.73548092719993
1.30002836089453,1.725756662369
1.22395485380119,1.71032298718897
1.15086239379587,1.68924148377153
1.08105107112791,1.66259667544463
1.01480719798849,1.63049592132481
0.95240187643562,1.59306917585985
0.894089669139946,1.55046860173791
0.840107391898935,1.50286802977878
0.790673042025021,1.45046226493093
