0.815435009267402,1.42647857492918
0.771675843284434,1.37068882247498
0.732735938995703,1.31063451144653
0.698768700517905,1.24656227726052
0.669906394106411,1.1787351922732
0.646259786671259,1.10743149603295
0.6279179014595,1.03294325570704
0.614947879564622,0.9555749747266
0.607394935634364,0.875642166692438
0.605282396677619,0.793469909899637
0.608611814054975,0.709391395682303
0.61736314037952,0.623746481373363
0.63149496494966,0.536880256228901
0.650944803289524,0.449141626364807
0.675629438218567,0.360881922736448
0.705445311483735,0.272453534552083
0.74026896628447,0.184208569289436
0.77995754196852,0.096497539677373
0.824349322781576,0.00966807756801093
0.873264342853958,-0.0759363255107193
0.926505049659813,-0.159977551248717
0.983857028050819,-0.242124060801111
1.04508978670302,-0.3220520740134
1.1099576084611,-0.399446720952061
1.17820046563569,-0.474003164786545
1.24954500079833,-0.545427694804159
1.32370557299787,-0.613438788073841
1.40038536854881,-0.677768137976748
1.47927757457308,-0.738161647454212
1.56006661227742,-0.794380384356858
1.64242942550576,-0.846201495697071
1.72603681844019,-0.893419076918469
1.81055483449328,-0.935844991535073
1.8956461665383,-0.973309635721597
1.98097158679797,-1.00566264173963
2.06619138312214,-1.03277351356253
2.15096678720703,-1.05453218781852
2.23496137971622,-1.07084951329999
2.31784245740664,-1.08165764285889
2.39928234834306,-1.08691033255585
2.47895966314587,-1.08658314444452
2.55656047292565,-1.08067355128773
2.63177940800054,-1.06920094370666
2.70432067547525,-1.05220654259712
2.77389899801985,-1.02975322191732
2.84024048040556,-1.0019252489472
2.90308341418885,-0.968827950634192
2.96217903403926,-0.930587315489239
3.01729224126731,-0.887349540541933
3.0682023108772,-0.839280532027848
3.11470359778243,-0.786565366766324
3.1566062556325,-0.729407718676203
3.19373697807632,-0.668029251737837
3.22593976743048,-0.602668977182802
3.25307672993944,-0.533582569076606
3.2750288905173,-0.461041629087393
3.29169701351832,-0.385332888444736
3.30300241019906,-0.30675733320301
3.308887708597,-0.225629238196118
3.30931755799593,-0.142275095686178
3.30427923832299,-0.0570324267488683
3.29378314494595,0.0297515331318082
3.27786312148909,0.117721278119092
3.25657661737961,0.206514603947974
3.23000465263873,0.295764299681694
3.19825157956821,0.38509994482151
3.1614446389672,0.474149791128061
3.11973331678683,0.562542703093542
3.07328851509986,0.649910126755182
3.02230155835787,0.735888053814666
2.96698306161936,0.820118947072258
2.90756169135508,0.902253594118206
2.84428285130651,0.981952859026562
2.77740732558338,1.05888930630563
2.70720990879965,1.13274867728172
2.6339780487887,1.20323120602639
2.55801052167721,1.27005276940075
2.47961615231359,1.3329458732615
2.39911258579553,1.39166048383045
2.31682510870183,1.44596471918998
2.23308551216735,1.49564542043034
2.1482309836397,1.54050862484662
2.06260301041298,1.58037996460452
1.97654627610261,1.61510501344623
1.89040753121054,1.64454960141656
1.80453442077899,1.66860011350937
1.71927425564392,1.68716378292829
1.63497271864825,1.70016898376246
1.55197250293648,1.7075655217767
1.47061188564327,1.70932491618484
1.39122324641001,1.70544066015888
1.31413154573936,1.69592844379516
1.23965278281613,1.68082632058687
1.16809245576324,1.66019479729633
1.09974404916103,1.63411682751647
1.03488757395768,1.60269769107078
0.973788183688367,1.56606474453096
0.916694888362696,1.52436703224974
0.863839383735245,1.47777475207199
0.815435009267403,1.42647857492918
