0.70534955740268,1.53305553289919
0.657465058038168,1.47190268895675
0.614865416139301,1.40607783919601
0.577718056242115,1.33585209455696
0.546166976341864,1.26151471583463
0.520332410373019,1.18337165396216
0.500310625854663,1.10174401344242
0.486173839458842,1.01696646315607
0.47797023337315,0.929385616884554
0.475724056622576,0.839358403062187
0.479435797712354,0.747250439849487
0.489082417735618,0.653434427944055
0.504617636133611,0.558288569934775
0.525972264305051,0.46219502172733
0.553054584990099,0.365538378820434
0.585750777628283,0.268704198108672
0.623925391611367,0.172077554463777
0.667421870500389,0.0760416305629086
0.716063130894898,-0.01902366180658
0.76965219982393,-0.112743030565453
0.827972914390606,-0.20474712345206
0.890790687066806,-0.294673820041882
0.957853339604802,-0.3821694957469
1.02889200807795,-0.466890257394325
1.10362212110711,-0.548503149626746
1.18174445285131,-0.626687331109424
1.26294625177722,-0.701135219326193
1.34690244548157,-0.771553602518967
1.43327692082378,-0.837664716994298
1.52172387724471,-0.899207287510516
1.61188924934737,-0.955937527723662
1.70341219259514,-1.00763009670219
1.79592662340483,-1.05407900635992
1.88906280210985,-1.09509847339321
1.98244894444176,-1.13052370807457
2.07571284457844,-1.16021163121397
2.16848349071663,-1.18404150992605
2.26039265283047,-1.20191550270137
2.3510764220302,-1.21375910480529
2.44017668192835,-1.21952148629678
2.52734249475478,-1.21917571697795
2.61223138862288,-1.21271887527861
2.69451053719587,-1.20017204129027
2.77385782876803,-1.18158017765679
2.84996282807781,-1.15701190551165
2.92252764053846,-1.12655918579711
2.99126769448203,-1.09033691877881
3.05591246193305,-1.04848247608033
3.11620614186548,-1.00115517987006
3.17190833144717,-0.948535742796077
3.22279471016702,-0.890825679856785
3.26865775886325,-0.828246699720185
3.30930753060641,-0.761040078294646
3.34457248340581,-0.689466011961008
3.37430037625213,-0.613802942244069
3.39835922067895,-0.534346838336138
3.41663827052543,-0.451410419307866
3.42904902366639,-0.3653222945445
3.4355262018868,-0.276425999345412
3.43602866948428,-0.185078903019516
3.43054024811955,-0.0916509693454464
3.41907038525182,0.00347664608351025
3.40165463632429,0.0999131705514445
3.37835492659962,0.197259961783875
3.34925956684632,0.29511242013091
3.31448300739215,0.393062047663597
3.27416532666766,0.490698627356226
3.22847146242478,0.587612487439064
3.17759020544575,0.683396809598212
3.12173298589769,0.777649935510605
3.06113249077043,0.869977624614608
2.99604115645355,0.959995217221086
2.92672958306376,1.04732966104487
2.85348491646857,1.13162136574791
2.77660924016438,1.21252585869974
2.69641801260021,1.28971522527943
2.61323857675139,1.36287932794757
2.52740875847122,1.43172680922553
2.4392755592189,1.4959858938511
2.34919393805582,1.55540501401475
2.25752566816046,1.60975328811891
2.16463824527488,1.65882088750948
2.07090382004089,1.70241932687125
1.97669812348473,1.74038171243745
1.8823993551066,1.77256297803654
1.78838700603003,1.79884013267779
1.6950405951462,1.8191125354141
1.6027383036399,1.83330220428119
1.51185550205423,1.84135415691835
1.42276317340377,1.84323677174765
1.33582624502293,1.83894215098318
1.25140185012466,1.82848646080977
1.16983754682993,1.81191022020522
1.09146952724552,1.78927850830296
1.01662085172831,1.76068106093216
0.945599743686886,1.72623222987872
0.878697978235063,1.68607078317188
0.816189394000091,1.64035953087436
0.758328551815234,1.58928476791628
0.70534955740268,1.53305553289919
