0.625485166715379,1.61029594927382
0.574615532420854,1.54525200381179
0.529369178251364,1.47524015445602
0.489923586821739,1.40054942379978
0.456431102889177,1.3214882568286
0.429018628299785,1.23838290732505
0.40778746585459,1.15157574312815
0.392813289342919,1.06142349998217
0.384146217594402,0.968295510903479
0.381810972511673,0.872571934037359
0.385807104273277,0.774641997329515
0.396109270802014,0.674902273460679
0.412667562739199,0.57375499380911
0.435407869155162,0.471606406060459
0.464232282743309,0.368865176721857
0.499019546072748,0.265940837349458
0.539625542506434,0.163242271786103
0.585883836627165,0.0611762410495615
0.63760626954164,-0.0398540574434241
0.694583614405619,-0.139450399088977
0.756586297116049,-0.237220911693049
0.823365186533575,-0.332781426504792
0.894652457985,-0.425756800927874
0.970162533250454,-0.515782212534414
1.04959309979609,-0.602504423619413
1.13262621163163,-0.685583015347504
1.2189294737518,-0.764691590473701
1.30815731151657,-0.839518943543968
1.3999523253761,-0.909770197265167
1.49394672990326,-0.975167903255976
1.58976387405744,-1.03545310456661
1.68701983693654,-1.09038635615902
1.7853250900404,-1.13974869801334
1.88428621342966,-1.18334257378483
1.98350764937548,-1.22099268615805
2.08259347349389,-1.25254677845657
2.18114916032896,-1.27787633091598
2.27878331828737,-1.29687715955365
2.37510936809626,-1.30946990596996
2.46974713984057,-1.3156004078173
2.56232436629951,-1.31523994210821
2.65247805475733,-1.3083853369193
2.73985572555326,-1.2950589511882
2.82411651302766,-1.27530852689394
2.90493213272725,-1.24920692256786
2.98198772713587,-1.21685174136472
3.05498261010521,-1.17836487037998
3.12363093685901,-1.13389195011506
3.18766233126653,-1.08360179363386
3.24682250447146,-1.0276857738088
3.30087389853263,-0.966357194065544
3.34959638531547,-0.899850653317984
3.39278804454345,-0.828421409628959
3.43026603600983,-0.752344739989906
3.46186757003193,-0.67191528606627
3.48745096807976,-0.587446368472674
3.50689679304693,-0.49926924581869
3.52010901684951,-0.407732290065601
3.52701618292217,-0.313200047223745
3.52757251362091,-0.216052152512787
3.52175890825608,-0.116682072018258
3.50958377694394,-0.0154956485927937
3.49108365886939,0.0870905619849835
3.46632358077102,0.190651168250949
3.43539712205773,0.294754025639642
3.39842616622643,0.39896250409285
3.35556033322779,0.502837908474309
3.30697610302261,0.605942008963654
3.25287565562131,0.707839630142528
3.19348546627007,0.80810124189102
3.12905470513001,0.90630549299543
3.05985349798939,1.0020416297893
2.98617110772928,1.09491174718971
2.90831409522363,1.18453282784891
2.82660451322711,1.27053853625342
2.74137817804426,1.35258074768507
2.65298305212358,1.43033080606855
2.56177775714523,1.50348051884202
2.4681302227783,1.5717429100752
2.37241646222789,1.63485276417676
2.27501945308295,1.69256700089548
2.17632809178233,1.74466492735765
2.07673618299451,1.79094841429739
1.97664142183668,1.83124204140785
1.87644432731408,1.86539325113767
1.77654708949996,1.89327254180179
1.67735230036275,1.91477372030299
1.57926154809429,1.9298142229516
1.4826738664269,1.93833550077661
1.38798404276929,1.94030345429033
1.29558080103856,1.93570889276001
1.20584488587915,1.92456798536835
1.11914708373811,1.90692266671706
1.0358462224085,1.88284095721735
0.956287193798029,1.85241716003975
0.880799044729091,1.81577190024607
0.809693177682658,1.77305197806841
0.7432616979469,1.72443001643932
0.681775936187857,1.67010389211004
0.625485166715379,1.61029594927382
